562
335
438
146
141
165
233
88
153
2367
118
3744
222
2773
492
588
1636
1772
828
2577
105
45
646
1152
389
1900
168
2077
103
419
1834
1096
2402
1276
1917
1758
1775
2407
3017
1055
305
1872
528
1301
424
159
263
58
2437
3466
1163
626
3145
3857
825
779
25
279
363
161
1065
401
1132
1214
2690
1736
239
275
2686
2892
769
1617
2558
2982
1114
731
1010
800
1285
1238
2432
238
116
2412
2858
1835
173
1470
1058
2362
4327
52
51
4361
2047
2354
3933
2519
536
1262
1198
4489
615
1651
472
1423
591
923
2175
1175
1568
3309
3673
1619
2655
790
73
847
3508
1705
178
537
2325
269
441
885
1062
855
1289
2326
1909
846
4486
510
2501
3748
617
501
2846
1028
2054
398
4253
4039
1446
2488
2496
123
1060
729
820
1957
2566
1493
485
5716
107
1647
1171
3633
4422
3969
6959
8464
671
3344
1562
3851
208
1693
3412
4666
2374
1666
81
3050
95
1021
1431
18
62
447
1109
1196
6072
6368
2036
1263
2305
1856
490
551
654
291
3514
1486
2663
425
2721
2978
1496
235
892
924
4079
949
1416
2706
6636
481
1628
2818
3738
990
4167
3387
385
2874
3257
5543
839
1660
245
3793
266
1732
3455
1134
3318
3211
459
1884
3024
3701
6004
5571
4584
54
3588
721
5344
4102
7554
2261
5657
6810
2277
4674
6868
763
2092
2254
6484
366
750
4746
965
5599
440
680
3388
1410
1575
4407
8470
134
427
1100
1700
3938
5074
9645
496
4386
773
2045
3946
6100
368
6527
812
1085
4176
2329
3398
1359
1519
3507
927
10547
503
508
2079
899
2493
5780
327
700
1742
287
2297
409
453
117
3242
3565
4006
614
3091
2200
7692
1293
2428
4040
2154
2742
6034
8295
928
1227
3037
2841
6106
7317
39
625
415
690
4330
2477
4567
1484
8046
1443
2604
3646
9833
353
648
1105
3600
695
742
6105
1275
1385
7329
504
2275
730
4766
383
1629
3704
144
2569
996
1862
4030
579
3266
3758
137
606
865
1102
1469
1776
3372
3825
6141
433
609
1941
6587
30
47
5204
766
976
4450
4923
2165
3043
7191
714
860
258
720
5032
2828
2115
9025
1663
2653
2868
2928
950
2470
8134
1115
2940
1209
1871
4037
791
4047
4845
1946
3470
384
1314
1689
1973
3135
6890
276
1741
542
994
6860
1612
1543
5704
6344
2101
2969
3236
5821
361
374
3133
881
9406
256
505
913
1916
2582
3377
3730
3739
5387
11353
343
2285
2514
3898
349
382
2622
2572
3954
1593
1765
5895
5946
1559
1749
2726
1363
1800
2304
597
3481
3554
5718
2118
3313
530
575
2237
4068
4149
317
768
2089
2848
5596
7108
474
1610
1697
1865
3286
6359
211
3190
6922
859
1816
4468
5348
5509
6449
2539
3404
150
176
6934
1812
2831
2839
5820
726
1468
1933
2220
3141
7216
129
1342
3329
4323
5255
7510
11173
947
1169
5756
980
1763
2350
2954
3086
4421
5292
2183
4896
725
1514
4318
4664
6730
70
175
1998
2191
2215
4635
7750
555
1448
1587
5164
8780
311
2124
4277
3229
3837
3942
6112
1964
2117
2344
4297
5612
1367
1391
4049
4321
5976
8909
12445
1585
1929
2823
3436
5406
7919
826
1068
1662
6799
9113
439
804
1362
2996
6784
831
2580
3442
4546
5020
1719
3358
3367
6965
7798
197
656
1036
2698
3171
4595
4710
97
1193
1436
2094
2967
3112
3134
4106
4892
6199
9767
3169
3431
4457
4505
5152
8978
1675
3814
4415
5914
172
1353
2068
2581
3518
4372
5984
7646
11262
1922
3312
6104
6874
1380
7412
2166
5443
10053
6110
8708
221
925
1555
3421
4061
4551
5123
5720
6807
6865
8519
749
1576
1915
3634
13
1360
1706
1990
2601
2898
4507
4946
5084
5336
5460
8148
135
3585
6398
456
2076
2206
2479
3931
199
1327
2713
10173
11516
341
1751
2838
9515
649
751
1281
3301
5740
452
4067
4853
6357
898
1315
1701
2008
2866
3780
5584
183
2265
2395
4129
6362
1212
1782
1907
3953
5030
5466
6068
330
1007
1106
1472
7458
348
590
795
1024
2226
4177
4560
4625
9157
1092
1492
3998
4460
4962
5163
5977
7607
1243
2134
4716
5915
8335
1696
3503
3628
4529
7506
1718
2546
2614
4895
5529
5738
6745
6987
7242
8488
77
148
1186
1322
1913
3351
3910
4349
5439
7320
794
5222
8568
277
1936
2576
4026
4914
5597
7951
252
282
3172
0
156
202
241
362
1511
1608
3235
5290
6967
10024
2684
5552
5689
7211
60
696
931
1215
3551
4140
5210
6593
628
759
2884
3964
4359
4570
6522
7143
217
1199
1260
1434
1991
1993
2072
4097
4168
6401
6735
10371
969
2768
2785
3046
4058
5260
8158
139
849
1072
2932
3195
4418
5636
5709
6309
8562
9190
10560
3
322
1479
3632
4718
4782
1786
4020
6245
3400
3813
5455
8350
2597
3609
4282
12519
7
781
1893
3471
7776
3049
4771
6040
7408
7715
190
1330
3370
5522
755
1250
2695
9682
9914
188
807
1031
2789
3206
3525
4062
4238
5469
6696
342
449
733
1971
2517
3051
5936
7247
10757
55
102
663
2295
2526
3101
3347
4339
5072
5555
8079
9057
10244
11561
960
1476
1678
2078
2128
3105
5267
8311
8480
10105
3001
3287
3882
4748
5090
6631
12089
543
1107
1329
1400
1483
2322
2810
3789
3990
6383
9545
11479
2035
4237
7505
9261
10400
101
571
2063
2596
2959
3869
6219
7056
7245
9899
10981
1456
2688
3944
6433
8314
460
1207
2211
2464
2490
3812
3899
4945
6531
6545
7390
14528
2180
5441
7133
8176
442
1378
2806
3166
3435
3679
4463
7273
8232
147
250
882
986
2127
2227
3770
3920
5129
6625
6788
10571
872
1879
2236
6273
8476
8690
9160
520
657
1685
2538
2557
2879
3100
3520
5997
6770
7024
8475
11495
12426
1824
2107
2791
3987
4435
5428
6035
6604
12319
803
1095
1655
1808
1846
2916
2973
3818
5576
7021
8438
8745
10029
651
672
2217
2442
2638
2807
3945
4940
5515
12198
65
294
1061
1355
3340
3546
5638
5644
6632
7041
7185
186
270
1094
1148
1664
1975
2088
3651
4312
6603
7846
8395
10664
688
906
2221
3254
5303
5316
6200
6251
6783
8131
8382
838
1372
1438
2309
3248
3285
3622
5548
8287
8925
10008
10554
880
973
1317
1563
2588
3745
4902
5138
6259
8347
13420
1279
1774
3122
3691
4538
7367
9384
9989
15246
265
293
603
705
938
1398
1854
4439
4812
7018
8658
11792
91
955
1387
2303
2883
3246
3495
4790
668
1801
1810
2532
2573
2692
2697
2955
4200
8583
9215
31
747
989
1336
1653
1747
1817
4503
4522
5122
6333
7348
11383
93
249
312
321
1101
1956
2182
4066
4658
4807
6750
7528
9792
10341
471
787
853
900
964
2979
3962
4271
4725
5695
9018
11380
845
1910
1920
2753
3356
3441
4647
5009
7868
890
1354
1417
2195
2230
3517
4864
5148
6289
9084
9451
13298
550
761
1525
3093
3245
3427
4082
4466
5731
7829
7971
56
99
364
585
981
1340
1603
1792
2174
2564
4183
4442
4596
6149
6342
6589
7263
7769
9704
9969
299
907
991
1032
3273
3820
4210
5301
5843
6379
7043
8181
8189
169
909
2735
5804
7179
7371
1397
1652
1759
2071
3523
3658
3718
5621
5971
7095
7229
8303
8482
9852
9950
82
432
1108
1231
1523
2093
2626
2912
2961
3577
4518
4765
5892
7171
9995
11700
356
1012
1570
3663
9088
9277
11109
11557
244
390
1419
1729
2296
4276
4355
6016
6901
8620
16170
371
580
1366
1609
1926
2482
2672
3339
3699
5351
9287
9439
1170
1377
1599
2382
2951
5507
6022
6630
7188
7707
7811
8172
458
548
1404
2155
2724
3241
3956
3983
4005
4186
4520
4815
5154
5390
6157
8185
8712
10611
939
1409
1784
2460
2500
2923
3090
3596
3696
4427
4794
6666
7161
9095
12434
106
844
974
3995
4687
4784
4961
5056
6493
7048
7486
8431
9002
9175
11611
223
1277
1814
1994
2257
2480
2935
3143
3262
3527
3914
4157
4655
5602
5801
6301
7172
7862
11305
13309
346
417
910
914
1078
1224
1467
1538
1780
2621
4369
5039
5162
5178
5241
5751
5755
5847
5930
5945
6098
6664
7457
8369
8528
10326
10833
10992
85
1579
1584
2625
3294
3296
3416
3635
4158
7621
8007
8641
8826
8945
9293
462
887
902
978
999
1573
1596
1745
1791
2525
5415
5609
5927
5990
7530
7537
7923
8644
10092
11949
12868
13760
33
261
782
1271
1303
1394
1671
3052
3853
4154
5069
5585
5589
6891
7117
9240
12070
14276
278
683
1291
1373
1384
1403
3533
3618
3845
4145
4278
4430
4448
7168
7249
8111
8166
8344
8820
9716
154
395
466
1517
2053
2850
3268
3768
3880
4740
4938
5409
6755
10093
11845
14117
369
1361
1547
2364
2491
3540
3894
4260
4499
4573
6396
9458
12509
14793
200
297
1343
1867
2708
4614
5305
5652
8345
806
871
1581
2292
2474
2797
2919
3331
3653
3858
3988
4534
4552
4848
5120
5541
5615
6002
6474
6565
7306
9314
10304
10911
11444
13256
49
1099
1731
1796
2507
3434
4476
4943
5245
6120
6172
6764
7865
9233
10514
11259
138
824
2176
2542
2636
2857
3338
3346
3535
3733
3866
3915
5015
5092
7763
7913
8183
8365
8419
8426
9189
9413
87
497
1004
1142
1827
2473
3217
4123
4126
4152
4285
4288
4424
6170
6506
6886
6916
7134
7821
8009
8038
8459
9666
11869
12465
66
350
512
670
972
1177
1265
1286
1935
3005
3779
3801
3957
4667
5214
5712
8569
9692
11598
12458
744
968
1345
1548
1931
2313
3103
3127
3183
3409
4308
4756
4855
6814
7946
8582
9078
10689
10758
11136
12364
1348
1375
1457
2067
2073
2246
3116
3252
3499
3690
4555
4627
4882
5309
5337
6046
7901
8129
10945
11276
339
1439
1507
2041
2403
2508
2674
3341
3788
4350
4493
5662
6492
6509
7166
7391
7758
8071
9470
10151
185
307
418
1046
1830
2704
2787
2988
3349
4224
4267
4539
4731
5055
5143
6111
6761
9034
9080
9257
10032
12002
36
686
1953
2396
2524
3303
5201
5240
5467
5796
7498
9956
11690
46
301
1014
1232
1350
1761
1866
2441
2782
2924
3913
3966
6248
6968
6970
7232
7283
7427
7623
9558
10140
10748
14371
42
547
629
637
823
1162
1925
2324
2737
2910
3197
3350
3908
4989
5076
5814
5863
6316
7443
7655
8124
8444
11721
14076
94
2680
3059
3547
3787
3973
3999
4711
4774
5708
6523
8522
8924
10142
10207
12057
13070
115
196
701
1172
2192
2444
2748
3054
4998
5243
5566
5992
6291
6297
7077
7808
7938
9392
11574
11758
170
2022
2061
2592
2715
2942
3369
3854
4337
4659
6000
6941
7036
8250
8879
9690
10682
10756
10865
10940
12522
3968
4254
4346
4678
4939
5526
6071
7064
8953
9321
9571
10662
10820
11802
756
1318
1757
1874
3167
3321
3462
3506
3974
4042
4162
6194
8921
9046
9540
9629
11532
131
133
854
1050
1725
1750
1753
1840
1888
2164
2486
2633
3270
3568
3625
5349
5420
5587
6326
6973
8058
8672
8886
8993
11488
12531
13205
753
1290
1790
2276
2327
2759
2947
3290
3772
4143
4954
5343
6863
7101
7334
9212
10340
10919
11431
11983
12075
12915
15082
380
811
1480
1592
1960
2121
2283
2465
2617
3749
4838
5282
5318
5773
6623
6655
7066
7278
7643
7682
7889
8853
9672
9735
10746
15330
125
300
332
644
1883
2050
3040
3094
3279
4381
4587
4881
4970
5066
5306
5419
5852
5957
6115
6265
7549
7757
8275
12419
12503
13960
191
281
421
533
723
1084
1088
1236
2019
2274
2291
2776
3524
4230
5288
5456
5600
5741
6599
6900
7009
7702
9429
10502
10641
12385
13958
784
942
1502
1744
1829
2263
2983
3089
3182
3292
4311
4707
4924
4981
5193
5721
5766
5925
6117
6121
7708
7721
8234
8265
8822
10273
10499
10695
12346
12971
13251
113
833
1104
1266
1930
2423
2471
2522
3569
3703
3850
4449
4477
5010
5095
5253
5524
5928
5942
6347
6823
7345
7378
7779
8321
9173
10095
11776
12865
114
225
296
664
770
1002
1611
1889
1972
2209
2962
3177
4333
4535
5006
5027
5651
6258
6690
7078
7218
7330
8412
8557
9134
9376
9698
10616
10828
11009
11966
12620
302
920
2358
3010
3066
4110
4195
5575
5733
5868
6716
6952
6976
7136
7190
7514
7795
7895
8253
8575
9010
9066
10700
14230
819
1686
2031
2120
2173
2455
2550
2712
2770
2835
3162
3530
3630
3754
3896
3976
4008
5375
5464
6298
6307
6399
6591
6592
7444
7544
7792
8252
8450
9089
9264
9937
9981
10017
11389
11674
11848
11995
12067
14451
426
469
553
1270
2129
2152
2643
2972
3194
3374
4196
4249
4420
4835
5887
6384
7584
8240
8616
8667
8994
9196
9524
9746
10878
12312
306
681
703
858
897
1111
1128
1659
2632
2648
3541
4074
4148
4465
4719
5116
5560
5581
5698
5782
6039
6560
6801
7147
7150
7276
7456
7574
7749
7835
7947
7990
8080
9081
10110
10331
10538
11556
15371
345
428
430
1098
1292
1312
1402
1452
2377
2462
2678
2775
2873
3300
3842
4600
5313
5335
5457
5485
5692
5950
6685
6759
6853
6955
8121
8812
12060
12241
12330
198
392
622
832
884
1153
1604
2513
2668
3178
3872
3996
4305
4351
4511
4948
4985
5494
5540
5582
5774
6575
6923
6990
7483
7831
12005
12892
13030
549
616
676
738
1090
1119
1477
1864
1870
2315
2353
2434
2623
3079
3610
3689
4345
4437
4478
4490
4660
4846
5503
5539
6130
7145
7291
7698
12752
347
517
531
2328
2587
2769
2984
3078
3382
3424
3747
3889
3918
4634
4980
5179
5229
5389
5763
5908
5951
6166
6234
7916
9411
9549
10640
10858
11149
11170
11386
12614
13241
13964
210
480
494
737
1135
1249
1370
1650
2255
2551
2844
3189
3325
3741
4301
4412
4544
4588
4676
4811
5114
5819
6499
7012
7177
7217
7674
9941
10853
10891
10933
11434
12279
13983
19
274
319
712
1527
1746
1799
2062
2199
3148
3777
4007
4336
4419
5050
5909
6321
6930
7787
8036
8974
8983
8991
10257
10589
10677
11552
11932
12468
13929
78
160
868
1273
1357
1640
1713
2145
2414
2657
3032
3316
3505
3830
3943
4051
4098
4250
4274
4714
4727
5759
6537
6889
6954
7534
7718
8109
8122
8149
8774
9235
9546
9962
10377
10399
11608
12139
13116
14112
14536
14546
14926
15174
15918
593
684
1039
1454
1623
1734
1768
3070
3149
3488
3761
4095
4370
4932
4974
5071
5474
6031
6137
6145
6638
6744
6950
7374
7532
8182
8589
8709
8996
10074
10131
10471
13187
14369
16863
357
598
757
1932
2055
2669
2847
3108
3362
3371
3773
4406
4670
5107
5189
6135
6267
6516
6819
7417
7531
7809
7908
8005
8473
9252
9577
10294
10402
10500
10543
12395
451
842
979
1216
1244
1691
2190
2334
2355
2602
3887
4029
4113
4181
4268
4652
5380
6159
6212
6692
6861
7627
8943
8997
9024
9473
9972
10721
10737
10804
10837
11284
12236
12358
14907
15565
15596
15671
467
576
1217
1459
1878
2268
2400
2499
4214
4275
4758
5362
5429
6133
6182
6332
6350
6570
6644
6824
6866
6996
7044
7170
7189
7459
7587
8062
8544
9538
9706
9737
10906
10975
11035
12254
12372
13074
14824
379
406
539
1996
2245
2360
2380
2472
3353
3464
3482
3666
4172
4453
4569
4656
4796
4837
4982
5101
5175
5355
5511
5668
5983
6184
6562
7488
7755
7807
9363
9770
10200
12027
15791
326
403
728
1073
1086
1819
1858
2681
2900
3099
3119
3209
3255
4847
4874
4930
5605
5954
5956
6050
6572
6600
6919
7664
7840
8209
8483
9000
9180
9351
10485
10610
10772
10812
11365
12678
71
182
634
745
1393
1783
1890
2096
2157
2316
2980
3110
3137
3225
3291
3327
3598
3832
4283
4532
4867
5125
5371
5955
6481
7096
7522
8170
8586
9304
9459
10651
11051
11164
11384
11842
11978
12044
12442
16267
16637
11
488
541
582
647
752
912
1091
1253
1422
1427
1683
1692
1832
1955
2010
2258
2404
2795
3033
3289
3594
4284
4701
4888
5527
5562
5611
5985
6090
6242
7861
7970
8217
8256
8674
8710
8811
8837
8919
9144
9729
9921
9964
12014
12335
12591
14920
16575
464
610
631
875
1450
1709
2075
2159
2306
2822
2861
3515
3981
4315
4735
4843
5187
5650
5749
5900
5934
7000
7324
7474
7610
7633
7767
8239
8261
8849
9590
9663
9765
10542
10872
11257
11452
13429
13605
14241
365
570
1082
1180
1201
1349
1815
1894
1924
2369
2378
2693
3811
4410
4645
6108
6162
6607
6660
6871
7003
7053
7746
7836
7979
8028
8301
8951
8988
9222
9477
11099
11145
11514
14622
220
435
600
869
1066
1218
1316
1487
1524
1785
2090
2453
3368
3500
3685
3978
4024
4259
4504
5133
5480
6528
6569
6640
6857
6971
8145
8333
9263
9739
10296
10525
11502
12864
14621
360
933
1615
1793
1851
1987
1999
2392
3069
3125
3132
3343
3449
4011
4213
4767
6085
6198
6442
7116
7157
7691
7816
8211
8277
8358
8699
8768
9696
9797
9854
9935
10437
10968
11435
12032
13002
13125
13565
14365
14418
14479
564
1189
1283
1412
1490
1974
2014
2122
2307
2386
2467
2964
2994
3071
3439
3504
3536
3922
3992
5021
5031
5215
5247
5249
5504
5607
5829
5862
5889
6089
6255
6283
7800
7893
7973
7995
8392
8513
8572
8756
8864
8871
8880
8950
9076
9523
9742
9749
10057
10390
11113
12016
12258
13746
15149
285
515
715
894
1022
1195
1901
2366
2682
3277
3334
3355
3570
3808
4483
4733
4936
5001
5502
5743
6175
6460
7381
7898
8072
8142
8184
8442
8717
8899
9065
9341
9517
9560
9647
9799
10583
10639
11074
11447
11756
13599
43
104
128
167
212
260
405
708
743
1944
2095
2141
2338
2417
2435
2611
2758
3147
3476
3706
4161
4773
4792
4814
4831
5042
5049
5085
5203
5330
5624
5744
5812
6011
6033
6369
6400
6720
7086
7475
7683
7844
8117
8504
9042
9213
9313
9872
10072
10539
12134
12217
12422
12429
12778
12906
13556
14404
237
916
1020
1027
1374
1515
1574
1845
1868
2203
2733
2862
3036
3039
3272
3453
3934
4044
4245
4653
5269
5805
5920
6156
6410
6457
6910
7050
7065
7148
7264
7463
7914
8266
8694
8869
9541
9719
9818
9919
10165
10372
10598
10638
10650
11627
11884
12373
12803
14253
40
83
457
713
1141
1185
1466
1595
1727
2270
2536
2571
2705
3120
3224
3251
3419
3947
4025
4365
4545
4675
4726
5382
5471
5939
6305
6403
6556
6721
7034
7881
7956
8539
9178
9592
10231
10504
10859
12185
16001
26
267
1137
1194
1247
1300
1371
1639
2212
2235
2545
2881
2895
3146
3361
3443
3538
3977
4010
4064
4654
4920
5753
6229
6851
7113
7645
7703
7922
8114
8611
8981
9284
10540
10604
10687
10817
10969
11032
11861
12011
12658
12886
12944
13561
14011
14381
14382
16528
166
367
423
607
1425
1708
1980
2104
2253
2757
2870
3390
3753
4053
4117
4862
5108
5815
6388
7727
7775
8060
8203
8852
9087
9094
9216
9435
11096
11207
11460
13366
14773
15289
15572
16811
5
215
408
470
538
732
1144
1287
1481
1979
2108
2426
2535
2608
2671
2730
3095
3336
3608
3726
4070
4307
5097
5314
5424
5728
5748
5825
5835
6057
6147
6429
6559
6813
6992
7246
7815
8278
8317
9027
9097
9796
10966
11029
12645
12910
12980
13208
13371
14640
14872
15055
15469
283
506
511
567
866
883
1261
1310
1762
2043
2340
2562
2949
2974
3181
3405
3929
4133
4533
4586
4608
4907
5003
5106
5221
5224
5696
5940
6230
6407
6624
6778
7040
7051
7277
7407
7958
8269
8897
8933
9045
9193
9333
9753
10015
10172
10366
11203
11248
11285
11412
11930
12138
12425
12749
13278
13348
13861
15817
16482
35
86
288
313
988
1433
1589
1988
2450
2463
2466
2478
3722
4317
5022
5518
5590
6436
6969
7213
7695
7805
7828
7842
7912
7976
8016
8034
8276
8596
9125
9691
9905
9952
10063
10135
11640
12991
13501
14892
17886
213
416
861
1388
1710
1723
2058
2150
2197
2779
3385
3655
4087
4416
6029
6423
6465
6554
6802
7203
7248
7288
7575
7669
7772
7880
8094
8410
8610
8686
8867
9181
9200
9760
9850
10470
10688
10703
12287
12349
12389
12691
14265
14279
143
334
665
1005
1059
1351
1383
1919
2023
2135
3035
3243
3276
3284
3333
3458
3611
3746
4188
4583
4916
4942
5081
5109
5341
5622
6502
6582
6683
7125
7854
8169
8359
8532
8891
9298
9300
9467
9805
9967
10197
10286
10335
10584
10710
11987
12745
13858
14077
14674
14788
15196
89
149
404
618
870
1203
1222
1256
1614
1730
2178
2232
2547
2794
2856
3038
3201
3204
3337
3414
3583
3670
3967
4071
4207
4235
4428
4443
4563
4626
4779
4804
5147
5236
5632
5687
5937
6723
6948
6982
7028
7327
7943
7955
8061
8161
8434
8503
8613
8992
9568
9793
9848
9896
9990
9997
10116
10353
10546
10705
10905
11422
11577
12380
12626
14130
14505
16119
16215
1
140
164
370
532
985
1110
1645
1673
1711
1788
1849
2060
2424
2598
2786
3121
3328
3971
4093
4111
4663
4713
4737
4956
5067
5176
5293
5444
5640
6143
6277
6386
6394
6684
6693
6835
6962
7192
8541
8760
8799
8929
9712
10385
10884
10934
11054
11563
12049
12218
13013
13100
13257
13260
14111
14986
16628
76
257
420
535
630
635
669
862
1087
1126
1557
1591
1898
2336
2575
2933
3564
3592
3602
3683
3803
3838
3863
3878
3948
4043
4221
4296
4414
4537
4641
4724
4849
4967
5011
5227
5284
5563
5680
5727
6056
6235
6250
6352
6776
6826
7135
7252
8349
8652
8792
9393
9501
9974
9987
10416
10419
10930
11403
11433
12100
12499
12527
12832
13623
13783
13944
14146
14242
14838
16035
17063
448
569
578
1488
1823
2004
2849
2876
2909
2985
3020
3180
3215
3674
3676
3736
3877
4189
4484
5207
5568
5578
5648
5683
5729
5987
6325
6648
6771
6782
7370
7734
8208
8272
8451
9108
9114
9734
9828
10444
10597
11267
11836
12112
12976
13042
13144
13263
13473
13534
14043
14085
14810
15425
121
268
473
561
1346
1437
1506
1726
1896
2260
2637
2893
2917
2931
3283
3364
3560
3724
3791
3827
4115
4261
4320
4434
4524
4589
4789
5233
5397
5569
5707
6461
7181
7271
7577
7656
8018
8033
8235
8566
8703
8705
9154
9255
9578
9814
9869
9895
10161
10642
10678
11361
11505
11659
11853
12140
12459
12514
12807
13822
14310
14334
14682
15881
16252
16361
16826
17469
74
187
303
468
707
778
1368
1462
1804
2250
2729
2922
3295
3440
3467
3468
3686
3860
4290
4506
4604
4684
5007
5183
5520
5613
5764
5849
5910
5941
7274
7305
7565
7608
7793
7906
8563
8591
8614
9906
10127
10376
10733
11184
11476
11759
11825
12077
12450
12521
12788
12973
12999
13470
13569
13724
14295
14619
240
786
815
922
1225
1376
1674
1962
2112
2248
2320
2644
2761
2771
2772
3118
3314
3545
3654
3817
4075
4131
4139
4169
4293
4613
4717
4722
5274
5312
5411
5454
5487
5490
5532
5536
5702
5923
6425
6471
6476
6649
7581
7597
7850
8051
8140
8363
8797
9291
9885
10062
10282
11125
11255
11519
11588
13017
13059
13196
14752
18361
20
429
478
1344
1408
1571
1769
1908
2033
2224
2247
3018
3253
3271
3775
4018
4286
4668
5516
5572
5917
6195
6264
6454
6687
7301
7342
7397
8297
8555
8715
8800
9230
9328
9675
10622
11034
11152
11192
11337
11417
11466
12733
12798
13073
13686
13697
13707
13939
14676
15177
15198
15835
16262
16945
12
171
355
359
574
633
661
953
966
1023
1043
1056
1324
1497
1733
1850
2383
2802
2814
2894
2905
3063
3223
3447
3665
3684
3737
3740
3755
4084
4609
5073
5184
5512
5656
5943
6066
6372
6381
6496
6622
6932
7098
7141
7340
8153
8163
8463
8872
9035
9056
9423
9427
9485
9597
9758
9840
10297
10481
10629
10708
10829
11027
11275
11346
11350
11400
11539
11582
11646
12182
12685
13127
14495
14502
14559
14739
14998
15014
16574
18301
