1409
1506
1741
12
293
545
612
1651
1780
1904
2082
2393
86
365
513
1164
1186
1631
1636
1664
1897
2106
2415
223
947
953
1355
1502
1561
1606
1876
50
237
449
638
680
731
841
981
988
1099
1425
1534
1688
1964
2329
2458
90
461
739
766
949
966
1109
1625
1787
79
129
905
1130
1201
2095
413
433
1374
1473
47
521
651
1509
1843
1940
1983
393
691
764
822
1181
1182
1413
1423
1612
1753
2165
2282
2375
5
191
258
296
909
1056
1058
1823
1913
2026
539
958
1004
1479
1694
2475
107
950
979
1123
1317
1331
1711
2359
19
111
295
515
850
1040
1256
1308
1480
1531
1543
1728
1939
1960
2216
2300
199
345
508
1618
1637
1732
2593
205
425
554
654
1237
1243
1257
1710
1809
2334
2514
7
48
213
443
672
912
990
1026
1187
1289
1597
1752
370
420
640
771
1010
1280
1572
1587
1889
2043
20
31
115
440
544
571
729
746
769
848
1215
1399
1945
2197
2531
2622
67
72
148
378
392
567
639
674
1018
1110
1120
1802
2115
2305
364
369
431
792
798
838
1147
1241
1244
1449
1603
1908
46
136
324
463
582
1301
1307
1379
1451
1547
1715
2255
2263
2366
2541
63
142
243
315
432
562
631
957
1891
1999
2054
2419
153
162
182
215
821
843
849
894
970
1115
1417
1429
1460
1507
1658
1949
2130
2310
266
395
437
644
986
1378
1442
1645
2020
2591
301
313
547
602
614
657
678
755
830
1035
1299
1389
1410
1472
1530
1905
2105
2234
2328
2395
2584
27
126
423
445
462
917
993
1053
1135
1576
1914
2123
2189
2254
2315
2346
2592
341
707
846
870
1011
1083
1151
1286
1306
1574
1611
1646
1929
2154
2448
2496
16
603
1019
1033
1373
1381
1482
1570
1657
1812
2398
56
506
546
671
693
778
985
1005
1046
1054
1102
1342
1566
1684
1759
2431
2519
2534
2614
127
132
716
952
1047
1057
1091
1419
1474
1668
1861
1888
2027
2135
2144
2589
29
169
630
974
1101
1326
1540
1584
1852
1854
1932
1938
2050
2208
2221
2372
264
570
776
889
1000
1042
1055
1175
1184
1274
1347
1350
1469
1895
1970
2081
2570
98
371
557
669
1029
1089
1156
1170
1179
1200
1288
1318
1351
1363
1438
1628
1735
1816
1922
2060
8
174
460
464
473
476
642
897
1100
1144
1197
1259
1476
1559
2030
2048
2077
2108
2128
2145
2236
2410
2424
2486
53
82
534
656
813
984
1084
1163
1228
1344
1345
1387
1575
1705
1786
1857
1877
2358
2500
2627
77
78
91
177
486
505
543
781
906
1001
1074
1094
1269
1296
1335
1484
1630
1771
1794
1866
1921
2047
2162
2249
2377
2520
242
361
528
587
666
723
728
777
1012
1126
1267
1297
1405
1511
1605
1738
1918
1946
1981
2040
2085
2161
2174
2444
2464
288
374
692
749
1043
1105
1106
1264
1487
1500
1717
1766
1870
1900
1967
2019
2280
2383
100
123
125
165
196
353
609
622
1408
1453
1519
1580
1621
1662
1742
1814
1844
2426
60
145
483
550
686
698
759
878
1141
1255
1332
1392
1436
1661
1793
1881
1919
2002
2411
2613
13
85
103
211
231
457
659
673
793
943
1003
1277
1545
1629
1821
1835
1966
2233
2421
2443
135
158
319
438
484
620
667
955
963
999
1039
1076
1278
1448
1600
1792
1832
1879
2205
2384
2497
141
409
625
660
845
929
1111
1162
1188
1191
1450
1768
1910
2248
2333
2474
2508
2560
207
397
468
470
529
624
653
750
799
902
951
998
1122
1354
1538
1542
1588
1830
2032
2088
2148
2293
2320
2326
2483
2516
306
388
401
411
681
683
760
816
1132
1225
1227
1325
1411
1483
1494
1609
1692
1697
1778
1782
1846
1873
1959
1979
2063
2083
2184
2192
2367
2397
2523
2552
14
65
278
342
346
643
735
762
860
997
1176
1247
1322
1478
1491
1505
1523
1624
1758
1806
1974
1985
2222
2295
2322
2331
2456
2559
2571
2618
352
661
663
757
941
1037
1349
1679
1774
1849
2498
21
120
133
645
737
754
787
828
911
1071
1202
1205
1368
1447
1461
1532
1539
1827
1840
1917
1980
2166
2323
2578
164
241
268
331
559
561
732
758
763
885
1216
1446
1459
1489
1740
1894
1948
2173
2188
2473
2490
2568
2595
200
263
480
564
608
804
975
1034
1052
1064
1086
1092
1096
1103
1171
1246
1372
1659
1690
1693
1695
1723
1773
1871
1887
1924
2080
2332
2549
2630
28
59
275
326
416
450
752
930
982
1336
1337
1341
1356
1360
1529
1562
1666
1734
1796
1859
1860
1941
2031
2193
2211
2242
2369
2435
2521
2528
2535
2537
2664
11
170
183
234
310
385
386
494
573
607
756
770
837
903
1080
1116
1128
1226
1303
1343
1468
1590
1638
1872
1993
2070
2390
2460
2566
2639
71
198
276
581
658
696
819
833
874
879
937
972
1007
1118
1167
1204
1271
1315
1364
1385
1391
1514
1589
1652
1826
1845
2072
2104
2152
2168
2175
2177
2259
2291
2330
2440
2609
209
398
414
509
592
594
613
815
836
924
925
926
931
1138
1153
1338
1398
1434
1490
1762
1783
1851
1896
1936
1956
2008
2244
2252
2312
2441
2543
104
244
406
444
491
536
627
694
767
834
1161
1249
1403
1452
1493
1583
1596
1627
1890
1898
1901
2056
2058
2288
2303
2321
2449
2470
2477
2487
2533
2597
2611
2663
23
139
190
220
228
375
467
566
684
784
1025
1231
1327
1421
1432
1554
1578
1593
1622
1648
1671
1702
1708
1726
1915
1953
2004
2005
2014
2015
2053
2113
2203
2223
2226
2371
2439
2491
2505
2550
2600
2610
2636
149
152
358
496
530
556
854
886
928
968
1013
1015
1066
1199
1404
1412
1455
1464
1498
1512
1517
1518
1560
1607
1678
1737
1739
1747
1769
1810
1962
1986
2107
2169
2313
2356
2368
2547
2573
2581
2617
2623
208
490
779
835
956
973
1097
1098
1129
1159
1340
1428
1655
1675
1685
1749
1756
1800
1899
2111
2213
2318
2385
2529
52
117
344
391
482
598
618
633
647
695
791
1062
1242
1321
1524
1533
1643
1682
1928
1950
1972
1976
2101
2102
2196
2314
2407
2463
2554
96
159
188
426
525
785
818
887
1030
1211
1240
1380
1388
1420
1513
1521
1585
1667
1744
1818
2116
2138
2140
2164
2264
2283
2453
2494
2644
30
61
94
97
112
144
271
330
407
447
553
714
827
839
1020
1031
1145
1168
1172
1224
1300
1370
1426
1503
1592
1614
1716
1743
1763
1781
1909
1912
1952
1984
2079
2131
2202
2215
2231
2251
2253
2343
2364
2438
2454
2499
2506
2511
2551
2629
2651
327
340
384
421
503
538
579
605
606
650
814
884
1079
1125
1137
1236
1239
1366
1430
1492
1527
1594
1595
1703
1803
1937
1968
1991
2210
2238
2241
2276
2380
2482
2602
70
140
274
333
451
591
621
668
713
741
829
863
867
891
913
927
1294
1316
1424
1454
1458
1508
1640
1699
1704
1725
1839
1902
1926
1954
2064
2066
2075
2239
2392
2406
2409
2414
2467
2488
2513
2538
2561
2564
2565
106
175
336
357
373
390
498
531
532
611
712
724
725
738
810
842
896
1169
1292
1295
1362
1401
1462
1546
1599
1788
1789
1797
1874
1882
2037
2061
2109
2150
2163
2167
2179
2195
2199
2212
2296
2302
2386
2408
2468
2517
2555
2567
2624
2665
39
282
323
435
465
489
615
774
786
880
977
1059
1208
1209
1263
1475
1683
1691
1746
1750
1777
1911
1927
1975
2035
2067
2114
2160
2182
2228
2230
2309
2405
2432
2450
2455
54
81
623
648
808
851
944
962
1108
1192
1198
1220
1330
1390
1525
1613
1663
1722
1727
1729
1772
1808
1820
1925
1930
2016
2093
2121
2125
2156
2194
2220
2270
2324
2348
2355
2357
2423
2436
2445
2476
2539
2544
2608
403
412
502
595
626
685
720
742
744
807
862
883
959
983
1044
1107
1112
1121
1134
1206
1266
1443
1463
1497
1677
1687
1745
1838
1853
1869
1875
1893
1965
1982
1998
2009
2046
2055
2069
2132
2207
2307
2308
2391
2433
2452
2459
2465
2530
2615
2616
2620
2634
2657
2
42
233
285
511
519
527
535
578
635
700
780
811
978
1006
1008
1065
1195
1207
1252
1324
1456
1617
1635
1700
1733
1978
2086
2153
2181
2240
2317
2347
2510
2532
2582
2590
26
338
339
429
641
745
768
795
803
916
1024
1158
1196
1217
1223
1383
1414
1499
1528
1550
1649
1718
1751
1791
1996
2076
2084
2122
2190
2250
2266
2294
2365
2472
2525
2527
2548
2640
62
131
262
320
410
466
497
583
847
855
995
1069
1229
1253
1522
1555
1556
1681
1868
1906
1988
2052
2062
2065
2073
2078
2278
2412
2457
2485
2503
2515
2546
2605
49
171
249
253
325
387
584
789
790
898
1060
1093
1233
1285
1293
1359
1376
1467
1516
1552
1698
1862
1865
1958
1961
2042
2068
2129
2139
2170
2178
2271
2290
2311
2316
2338
2342
2344
2400
2479
2557
2558
2569
2625
2650
2666
109
134
314
417
419
540
709
710
869
938
1124
1155
1160
1212
1329
1548
1579
1673
1707
1712
1736
1764
1842
1847
2000
2033
2045
2097
2224
2237
2256
2269
2373
2394
2396
2462
2495
2502
2572
2621
2642
2653
74
226
351
362
405
555
920
960
1157
1232
1268
1386
1427
1581
1654
1660
1790
1828
1863
1931
2059
2098
2119
2134
2176
2187
2191
2198
2229
2292
2297
2352
2363
2379
2388
2430
2524
2536
2586
102
227
690
890
1063
1190
1218
1287
1314
1406
1437
1591
1616
1623
1642
1829
1963
1977
2028
2044
2124
2142
2157
2172
2225
2261
2284
2381
2469
2480
2507
2604
2626
6
108
255
382
495
616
899
994
1038
1148
1302
1367
1400
1719
1731
1761
1801
1817
1935
1971
2006
2112
2136
2147
2200
2219
2262
2327
2401
2417
2422
2481
2563
2619
2632
2643
2646
441
454
517
549
619
646
715
901
987
1041
1081
1174
1185
1352
1486
1755
1776
2022
2087
2092
2149
2183
2209
2281
2351
2361
2362
2370
2425
2427
2553
2576
2583
2587
2647
2649
38
202
235
294
366
389
524
882
1022
1119
1254
1261
1298
1358
1375
1807
1841
1884
1955
1973
2001
2036
2243
2277
2298
2339
2349
2374
2387
2416
2461
2577
2580
2662
55
197
260
335
788
872
914
1189
1273
1328
1348
1433
1541
1650
1760
1987
2038
2090
2151
2180
2246
2289
2493
2579
2638
2648
93
195
232
442
446
481
628
717
1139
1178
1311
1312
1445
1496
1567
1598
1672
1706
1947
2071
2159
2218
2268
2275
2304
2319
2340
2360
2522
2607
2641
2659
9
518
552
704
923
1009
1023
1407
1602
1669
1713
1720
1724
1767
1858
2013
2126
2143
2201
2206
2272
2299
2354
2413
2451
2504
2556
2574
2652
304
469
472
575
895
921
965
1049
1068
1173
1183
1262
1291
1333
1416
1435
1510
1848
1969
2021
2025
2247
2265
2301
2418
2447
2631
2637
2656
705
721
736
824
893
1146
1222
1319
1369
1656
1775
2003
2023
2146
2353
2389
2478
2501
2545
2562
2585
2588
2594
2635
2655
247
259
522
523
569
637
675
961
992
1177
1305
1395
1481
1515
1564
1568
1748
1878
1885
1992
1997
2041
2099
2186
2345
2399
2403
2446
2492
2598
2599
2660
273
558
1709
1714
1811
1825
1836
1892
2204
2279
2540
44
58
367
632
806
888
908
1822
1994
2051
2100
2103
2428
2437
2471
2601
2661
585
590
1088
1235
1639
1784
1903
1989
2171
2217
2336
2429
2466
2575
36
95
279
727
775
1214
1439
1470
1495
1837
1923
2120
2232
2274
2286
2512
2612
355
655
876
1152
1551
1680
1943
1990
2057
2118
2155
2227
2337
2378
1133
1203
1275
1620
1795
2306
2335
2484
2633
2645
1371
1488
1686
2049
2094
596
900
1238
1393
1933
2404
2420
2603
2654
954
1276
1346
1765
2258
2273
2596
2628
399
439
1072
1113
1382
1571
2089
2285
2658
907
1920
2185
2542
348
945
1757
2007
2074
2010
2091
593
1934
2434
2518
2526
2606
349
2034
1165
2096
2245
