1705
3410
1095
1283
1234
3159
1107
1270
600
2951
3960
2694
2885
2867
3531
4482
5281
2916
607
4554
4642
5195
1810
2510
510
1391
2659
996
136
1299
1632
1086
2418
3404
1773
486
3682
3275
3372
1994
1028
2997
2592
2262
472
2801
1849
108
6084
449
1062
5035
2559
4566
1834
6368
765
269
2994
1345
3915
3803
374
384
2178
3969
1470
3734
3358
495
19
998
4954
519
1329
1619
1777
2980
207
3905
3078
3057
352
3883
1574
1765
4809
611
1692
4516
3276
898
3264
796
2653
2319
2200
2363
1553
4070
126
4787
134
1965
480
923
4006
137
1222
3399
3384
3628
1561
1929
4775
5307
4393
4882
956
2248
3767
3185
5591
2810
3377
547
6533
4081
1586
1607
4955
5090
4319
4872
3258
3660
4270
1099
4928
1642
4548
1739
156
1911
1211
1650
3949
5309
664
581
3723
3760
2817
1518
2408
940
1677
1869
240
920
457
2882
4762
5713
4262
3067
1627
1634
5743
1815
4154
2850
2231
1362
842
1183
2308
2970
2959
3406
4373
2485
4786
862
1981
3585
3758
3580
4263
2760
3819
3224
884
595
3748
4389
4663
682
543
2187
3131
963
2905
1673
4957
1609
313
2476
3097
2711
730
3592
2969
1750
2367
5083
5873
2707
3290
138
1720
674
2177
1075
5360
6292
1736
915
2390
1160
1411
6138
4052
3357
5006
4674
2611
3039
3766
3343
1454
2326
5488
2808
6089
2353
4213
3412
1050
6398
2375
513
179
4226
4756
6400
5977
361
5453
501
2191
5430
1068
4281
5787
5920
3950
735
4361
1073
4830
5261
1321
5477
1814
122
4605
1947
4995
5011
2960
531
382
3100
1961
1558
1124
2638
4391
263
1293
2392
3035
2740
4610
1565
5178
2683
3918
1161
2033
1263
2040
3882
2453
2468
2515
2618
6078
751
2612
2051
2822
334
1718
2346
3008
1821
2068
3701
4732
4847
2702
643
402
414
3110
4071
4223
2607
4586
4069
734
3344
885
3909
4279
4713
1626
1778
1512
2076
2835
2201
4741
4788
1526
161
4759
886
3507
6145
1599
1952
712
3311
5400
5735
2657
3475
6538
1188
4649
2173
3187
2011
3629
3488
2958
3146
4188
3124
786
5323
29
30
2654
3439
4351
2758
68
2419
999
4844
2364
3530
2739
4867
206
243
2306
3994
1243
4066
6365
323
3452
2350
5581
1923
837
5226
2682
2035
4439
899
4878
3074
1511
3955
2287
2830
2409
1868
2052
24
157
5219
1215
5228
1824
1924
4971
254
1894
3064
298
759
199
2545
2888
4704
3889
3563
4337
1306
2369
2449
2751
3386
1000
420
1785
1256
924
2597
5268
2536
2089
3757
4021
4265
6284
235
252
109
3147
792
1291
3162
3470
4998
3591
5220
4277
5762
195
2267
4425
5344
1713
1084
2400
932
5926
5049
1521
3109
2198
945
2571
5528
586
4407
843
6505
4854
4237
4944
3784
2373
4863
1295
3308
512
2041
5983
4707
1758
2301
1872
4993
6341
322
4601
5255
452
1169
2366
3847
690
1150
1040
3409
4853
4447
5336
69
1554
2603
44
6225
2839
5144
308
4666
2685
1678
573
4781
4857
2876
3391
3320
2118
3957
1770
4162
1355
5927
4606
4686
5748
4651
1388
2388
3390
3578
3525
1462
5298
1335
3173
1297
4129
1819
1937
3325
2872
3434
3557
2067
2788
6248
2841
4401
285
2509
241
2709
2175
3297
413
2733
5539
4851
2863
5861
4480
950
171
4557
1005
2953
715
4913
2684
4903
3151
2487
2126
1431
3508
2564
578
4777
579
3435
2159
732
6654
2092
1447
4039
2004
4486
3973
25
4107
1877
4755
2424
3473
2911
3900
4561
124
4658
1840
2372
1154
4712
3171
4271
3500
3614
1752
1645
1708
2591
652
4242
3910
2108
4388
2300
2730
3991
5091
1282
4500
4094
3178
4298
4838
1689
3520
1206
1917
5170
2243
2908
1813
4321
11
4106
4981
3134
3446
2078
1353
1693
2681
1804
1415
4053
1873
214
219
2147
1369
4948
3792
5894
398
4986
2066
3012
3494
3018
5546
368
5785
5155
5246
5641
1733
5631
5995
2387
3966
3378
1585
3362
4220
1352
4294
2823
1419
4454
846
3630
4339
1590
506
2447
1836
2868
4570
5417
390
4026
6158
1726
4137
2075
5579
4003
2254
976
3916
4528
4679
2491
2047
5707
3405
5826
431
3605
5459
2348
2020
3989
866
2540
6110
6253
8
1964
2460
3253
3626
4087
2274
3086
3884
4044
2105
4736
698
95
3496
2233
3156
4837
5833
128
3806
4640
1184
5124
692
2676
4592
1482
4016
2526
3519
5608
2991
2115
2985
3644
4470
5102
1767
3574
1602
2703
2470
1719
5199
2146
5495
1983
2679
5493
5428
3024
1484
4643
502
2152
67
5548
1106
84
534
1209
1988
2673
4552
528
4239
427
6161
4803
1549
1100
4179
2922
3756
2297
4512
1977
5079
4096
819
4340
3195
5392
4269
4893
5481
2957
3890
5893
6395
3637
2
2791
3983
1363
5509
2933
1927
5168
1980
4792
5179
4352
807
2690
1922
2584
3512
1464
1284
4027
2129
6725
6233
4587
1382
1026
4919
3333
4856
3911
3571
3536
3653
5736
6258
1870
3987
1764
2904
4534
3139
3221
5240
4918
1716
3990
4750
2404
4630
168
808
2050
3179
6711
121
1036
5985
2461
1307
1168
4310
60
1916
4197
6480
123
1193
5592
1081
2576
2170
2805
4370
3798
1837
5940
1358
3433
2645
4699
2917
2714
2548
3491
4400
3898
2762
2321
2785
3450
1386
3364
3814
4622
847
3866
2471
5316
5194
461
5319
2454
2224
3317
5602
3394
4898
2204
1540
2749
3189
507
3680
5161
5074
271
4591
141
3821
1066
4243
6126
3607
462
5524
5115
3548
1326
5122
1287
1638
4504
2215
2568
5643
2234
5259
2430
5537
1748
5799
2662
4683
1273
1328
5727
2508
2952
2457
5904
2896
938
1724
5916
1261
969
939
5605
22
3182
4508
6596
1687
5919
6029
4764
3908
175
3815
1848
4018
1405
2323
1702
500
3090
5345
339
3891
3937
6811
624
4807
3902
3590
3826
1500
4222
3015
5858
1643
4336
4250
3641
2633
711
1198
2039
5744
1208
929
4249
2737
2434
1042
840
1598
2798
3844
2268
4547
3270
5448
5275
4536
1761
2391
2928
5752
2542
5559
4846
1967
6128
4332
2010
1809
3659
5373
1098
1569
3824
3505
1347
2827
5101
230
5507
1096
287
3230
2818
1711
3843
6000
5447
4832
4431
5824
3431
5771
598
4585
2705
5846
5299
605
865
2087
823
4959
2484
4147
2907
1472
3098
1501
2609
2252
3348
2069
3965
3209
5654
1732
2439
5450
2746
3596
2771
2271
673
5441
6495
127
4109
5213
4525
3144
6077
1290
1698
2501
1505
800
1072
5186
1969
4909
1145
3673
4823
6123
5440
3867
5203
4359
3692
4629
3033
770
1800
3393
1680
5947
2859
4163
2164
2807
5733
4064
6289
3225
4074
6054
3941
3038
4267
13
3632
4260
268
1895
5222
6267
5523
5415
5699
1341
2320
2091
2831
6300
6055
1301
6188
1615
1792
2362
5586
1053
2539
4445
317
4481
4024
416
2599
4485
262
1330
5695
297
897
5130
797
4459
790
2242
1251
5941
4149
2667
4192
4961
583
5696
2410
5291
608
2031
632
3832
680
5456
5508
5432
5981
2220
4467
1171
4742
4311
2380
2161
4754
2875
4113
5277
5429
3919
6249
422
2269
340
964
27
3006
33
2563
2809
5244
2628
1555
2493
3005
2879
4347
5193
1818
290
3330
4461
4706
669
3940
6296
5451
2436
5303
4254
1495
2123
3287
3848
5302
2663
4765
4139
3028
4562
5290
4507
570
590
1135
5686
4906
3314
6324
4143
1365
2193
2716
5085
4048
2984
768
4118
1459
1466
3534
2497
4115
1244
1204
2275
1959
6127
1083
3327
4497
4949
6047
1
4126
9
6467
5286
4219
6057
3332
2736
2165
3703
333
3023
1603
3277
2411
802
4152
660
6033
200
5544
609
5304
2926
6009
1647
5728
2869
2389
5625
1725
3896
383
4697
3467
2385
3076
3946
2062
1142
1885
2184
2848
941
2661
4970
1286
6394
2945
2151
5034
4966
1510
2934
3551
4036
3549
3932
3479
6048
773
895
5021
1686
3535
1727
2619
3825
4078
4780
3869
763
23
3152
4245
2906
5749
6524
4374
3780
326
2498
3771
1475
6723
4412
2838
2887
5628
1137
4612
6336
227
6706
4495
5731
4377
1023
3782
426
5217
1867
5522
2019
6074
5705
6276
6433
6527
2135
4862
1993
522
1446
824
4211
5831
1458
3544
910
1703
3765
3929
2251
1835
4382
4429
4597
1636
2451
2525
3788
3727
5520
3764
5164
3738
4778
2329
4661
3085
5038
6006
369
4173
3079
4733
978
1899
470
5278
2507
4796
4288
5169
4939
3611
1841
4381
4466
6166
1288
859
2895
3823
3654
3612
3812
4673
4615
2270
3964
1032
1132
5706
4228
1541
767
2060
2624
3998
5355
1655
5368
1471
1591
2782
4255
5886
1002
1055
1407
2225
6090
1377
4776
1728
4929
3280
3416
6724
4244
6550
6308
1938
1893
3474
3186
2113
2482
2871
3569
2298
3528
4538
2912
4000
6836
1468
234
6431
557
5933
6072
6521
2443
5185
3555
719
1797
389
5162
5899
2804
5384
4356
476
1774
6263
5563
3978
2304
3797
5525
3054
3103
5615
4843
658
667
5137
4842
5769
2585
4102
1672
2889
1842
2480
2384
2466
3246
4212
6164
359
2381
3201
1127
3554
216
1644
4387
1594
5229
1267
4924
4996
1071
1861
3705
1065
251
1175
3352
3077
2779
3145
5421
1522
3194
2007
2529
5253
4888
237
2722
6381
5609
288
4432
4990
5949
1879
4416
567
3234
3741
6565
5786
2314
6096
1210
6070
1734
3588
5652
4530
987
3849
1942
4232
1174
4009
5742
5811
6118
6114
2852
1556
2964
5726
3135
4826
3794
4511
3226
5604
4140
726
953
2976
4831
4015
2238
1805
1498
3759
6342
2109
6174
1675
5503
5987
6014
6552
5068
5227
5080
1944
2513
991
4914
4621
2927
3336
3959
1906
4608
3602
5279
3374
5587
3606
4726
1662
717
521
4596
1973
5017
523
2446
6416
1657
5187
6507
5067
6191
779
2555
4839
2360
3339
3363
5262
777
5715
1897
5758
3616
2942
1641
933
6028
1004
4864
5670
3975
2214
1896
3577
5260
3032
3448
3218
3112
5061
4473
3755
5010
34
2820
182
5847
2379
4782
5538
3858
6551
1179
2929
6075
6157
5313
4468
2811
3963
5666
170
4572
6304
2016
2843
304
2285
3483
2790
2305
6187
4701
2884
594
825
3657
5660
5753
3627
337
355
5062
4346
5236
4588
805
5747
1865
1515
4318
4457
633
2614
2686
3150
4085
2127
4375
2331
4789
3046
5658
4331
697
636
6259
3183
5844
5702
814
1123
5445
5039
5594
2821
5939
3095
3480
1129
4794
2583
4563
5289
3382
312
6282
36
6045
4463
3742
5103
48
4308
2651
2644
5534
2688
2781
2344
4935
2629
1105
345
131
4583
2133
3157
2637
6269
2719
5922
434
3930
3160
208
4814
1955
6251
2741
239
2989
6483
795
3257
6246
2941
4394
2034
1101
2710
6701
3506
3167
5073
5114
3524
1744
5944
5152
5312
5113
5388
1177
4089
4348
2977
3356
640
555
4101
2697
1878
5568
4403
4256
625
1939
5840
2309
1025
709
6645
1196
3493
1735
4390
5126
2602
1557
1393
4065
5237
3713
1918
4286
5890
1776
2938
3094
1587
2639
5466
4654
5651
0
5
3789
4410
4362
820
4870
5803
5897
4702
6162
688
4488
6240
5841
2643
2580
5314
2874
695
2742
3235
2264
3685
3232
5810
3442
503
2013
4082
3977
205
293
3102
1846
5375
3291
4128
6412
1296
4203
320
1194
3502
5183
1225
2901
4979
965
5970
3558
5025
4988
6181
3912
498
6577
5325
4582
6212
3666
2046
6344
5975
3717
2397
4779
720
721
3408
1319
6081
2036
3489
1410
1305
3198
2080
4947
3718
1851
1898
6321
6018
5427
3556
2671
1490
6058
6193
1047
2357
192
2445
1854
6010
4392
5284
2246
2347
482
3769
1232
2861
3222
3423
6190
6545
3268
4887
3260
5765
4767
3289
1031
5135
5672
4758
5913
6805
2647
3864
1255
5339
2328
4462
5767
6569
4675
6501
2368
4669
1649
1074
4745
812
6206
1337
1403
3732
6797
5381
6071
5630
541
1945
3870
6062
5105
830
6027
1112
4815
4093
4616
6389
6287
5238
3921
1285
3425
5320
2851
6165
2731
2562
5088
6256
902
6825
2523
900
944
6715
3261
967
3365
1173
5321
3599
1385
4938
4791
3669
1665
2473
2290
4411
1564
1679
5330
2475
2666
3294
5254
4923
2625
160
4090
4553
5294
6209
1905
4091
4795
5464
4183
5263
4186
2258
6037
6613
6698
3683
4576
5720
465
4840
1737
2727
4589
5960
5069
1798
4247
6355
176
6587
1729
6379
4927
6214
4568
4934
4246
5491
5423
2478
5174
5798
311
855
4435
3813
6543
4326
4041
3055
5112
2432
3840
6318
2505
4627
3397
5076
3197
2656
4058
4797
2003
3188
5709
592
3804
4873
5923
2282
6503
2750
2777
2413
679
686
2936
3421
2228
4198
834
6182
1808
5118
5724
3568
2528
4718
4275
5760
4688
1423
1158
2263
1610
1245
1318
3292
6494
2586
2393
1536
4014
5422
1838
6510
2533
12
2029
5552
599
4205
5167
5791
5301
5832
4055
3904
5094
878
3486
1103
3148
3532
3952
2815
1970
6636
2632
4709
4209
5107
3968
4200
181
5326
4869
5176
2847
3065
3045
1010
2701
5866
5189
1606
3546
3763
4004
6350
1269
778
303
957
2842
321
329
2014
363
365
2918
582
3432
2538
2085
6760
1807
6121
5037
491
1085
755
4148
556
2479
6437
5991
2179
5571
4291
2537
1272
4272
2141
617
2890
3595
2642
1039
3269
6597
2606
1527
5002
3835
3013
3665
5469
1292
4752
2924
3456
4161
5200
1601
2518
6099
6189
4464
3693
4008
5561
5177
6
3305
5505
6030
3859
5337
5110
5181
3958
4636
3172
5009
4931
3417
2623
6357
4902
2995
6290
4685
380
5708
1956
1919
3371
5071
6560
1424
5888
5146
1506
5342
3217
986
6375
4025
1668
2435
3604
6279
5206
5560
894
5446
4635
5024
6488
2110
4037
4544
6489
6716
2955
4451
5239
5395
5243
432
1383
3284
5668
5986
5513
3262
5646
6204
5770
1013
3196
4476
4383
5015
4689
4513
649
2382
661
3440
1962
1921
3566
5632
6417
6490
4083
845
1280
3136
2587
6690
2351
4484
1373
5640
4357
2044
2124
1517
3730
6619
5285
4079
5966
1525
2343
5041
6631
4811
6513
5530
4012
2693
3436
4625
89
18
5653
1760
1623
4282
4399
3200
2250
5247
3259
3121
62
3278
5014
5511
91
2593
4921
653
2027
6328
6032
107
496
2598
1030
143
4343
4297
3634
6330
3863
5635
1996
184
3070
3306
5681
1533
6388
5377
5473
3082
2340
3271
5937
5556
1167
4414
4520
1660
324
3796
6231
5457
1717
4680
2744
5001
1769
971
4449
1281
1141
982
437
3811
3029
4518
5776
2789
5565
5775
5143
2502
6605
6616
6198
3388
948
1723
3113
1625
2836
6566
3319
1827
3118
6667
6143
638
644
3206
1258
1652
3303
3982
5906
4900
5389
5149
5794
5659
3715
3482
776
5637
4460
2735
4206
6687
5859
4227
5819
5834
6557
1199
4656
4880
6761
2197
5003
5763
4801
3687
5600
1380
3272
4127
2853
1946
3681
2407
6001
6102
3383
4111
5297
4433
918
3658
3279
841
1237
32
5424
5934
6281
3947
5880
474
5444
4474
63
3894
5979
3855
5853
1622
3613
3934
5815
1309
2070
3817
6359
1992
5852
4967
6493
1756
6116
6329
6208
4170
2386
6326
1982
4725
2650
5352
493
1186
844
2962
3395
4514
6668
2573
3237
654
745
3877
2668
5376
3316
4695
336
4446
4184
5990
5093
6376
1488
4086
5688
4834
5823
6283
5000
5154
4042
3533
1583
3017
1172
4641
5327
4404
505
6221
566
1746
2168
3338
1710
6586
6271
1706
3313
3926
651
3677
1567
6147
2687
2506
5328
1497
3510
4559
5248
5383
2099
1559
6516
5350
1532
2660
2022
4132
1046
1696
2128
3376
1987
2699
6482
3944
5117
1331
5993
5131
3350
4693
2521
1831
5821
1499
3329
2286
5311
6069
4951
6656
4306
3042
5409
4768
6430
1936
53
4932
4171
265
6337
6139
2150
88
3402
4698
2877
4751
5175
525
2899
4876
6679
6859
1548
3108
153
5860
4799
5573
6094
962
5512
4180
798
2100
2417
6104
4578
3945
5405
863
4858
4455
4529
2342
3636
2158
1790
5644
5271
309
4442
1257
2303
5830
5955
4253
3153
1233
1308
973
2260
5700
2672
5054
6602
515
3016
2122
3913
3527
1712
1640
5616
6333
5805
6003
6154
4748
4805
6131
2948
5022
6076
5661
706
6462
5569
3650
5092
4644
5288
5851
809
5296
4595
5956
6443
3892
4550
6705
3511
1859
4541
5521
4899
6682
1027
5943
5420
2130
1200
2622
6658
5896
2968
1192
1864
1816
2345
1323
3954
2796
1738
6052
4444
5358
3943
6744
6512
3662
3888
3559
35
4032
158
3601
3517
1478
1940
5436
892
4365
4182
2812
5119
2028
110
4427
6632
2931
4218
2581
5419
6358
167
5737
4503
754
4345
5334
4531
4950
1441
4687
4920
6354
1102
5828
5878
5458
4652
542
4889
342
4031
6714
5029
1364
6172
5192
1684
5257
3401
3618
3161
1858
601
3820
467
5341
2728
6370
6053
1434
6598
1259
5593
5497
5690
2881
5729
931
4483
6050
6095
622
5526
6741
2873
1730
6515
5773
1379
3729
1166
3619
4440
990
3492
3379
5045
3002
5052
4681
4720
4879
1926
6275
5822
3009
3643
5468
4158
2631
3315
6445
4056
5918
2524
5518
4124
2462
3465
5881
2658
2680
2399
5553
5317
3499
6122
3509
1176
1043
4443
6041
6351
2396
52
5004
5687
5272
1971
2655
6657
96
6773
4177
6277
3770
6478
6312
3956
3283
3093
4119
4945
6448
4594
5626
1406
6257
2324
3266
3624
5885
6307
5089
1604
6580
3539
3238
4886
436
1932
280
4465
3031
5438
5813
6426
4662
4105
4836
3679
4912
3572
2961
2045
4077
5597
6497
5461
6352
3851
6040
4426
2030
4167
4849
6610
4491
568
5136
3633
4195
4349
2664
4965
2554
5914
3808
6418
3282
4546
4274
6148
6392
5665
3790
3775
5214
1338
3424
4307
4620
6373
4980
6871
5551
4933
1116
5086
1276
4051
1018
4821
3560
1298
1159
5910
4204
1228
3846
1452
4571
6144
6591
6386
6784
6666
1376
5370
1457
6108
4353
1855
6012
3490
5498
3324
3995
1788
4740
5871
2755
3293
3485
5884
3497
5946
4522
4073
2354
2640
6266
4647
6349
1833
5382
4501
2055
6160
6468
4874
3709
2423
5669
4367
92
3044
152
6558
1325
3184
3068
5629
5891
1384
6059
4922
4494
4146
4665
5292
3773
1394
5276
4812
3328
5097
1011
6568
3801
1492
231
4097
4533
4904
3400
272
6020
3887
857
1582
5836
6653
1661
1597
3458
3779
6403
4774
6633
3441
6170
3581
4997
2588
888
5064
3538
3695
5331
984
5478
2845
443
3822
6476
1360
459
5407
5042
1165
2635
5614
1242
4769
3753
2401
3996
4176
6735
5730
3453
6025
2226
571
4372
4057
5535
2490
2266
6813
630
5031
3418
6247
3132
4771
2993
4341
3104
5008
5718
1368
5266
2828
6042
3286
4861
5961
2499
1503
4075
6066
5012
4156
4030
4296
4602
5924
1181
1187
1189
6366
4668
1465
6261
2086
1534
5529
4141
4956
2149
1612
5058
6540
6245
3355
3740
6684
4234
2937
3647
6432
2787
4043
2943
3245
3751
2695
4216
6183
699
2503
2761
4104
1910
5095
3938
6624
2452
3871
3526
4989
2516
2752
5431
4790
6035
5980
927
5583
6197
3923
2940
6519
2311
4727
6446
2279
2450
2426
6382
3785
1935
2249
4199
3786
5487
6678
3370
1061
5984
2792
6265
4121
1544
3541
4737
2504
3878
1146
3447
3997
5494
4703
5576
5463
4217
4398
2712
5845
2136
6434
668
5650
4300
4421
4598
5531
1324
6422
6175
3360
5682
6363
5465
596
4848
4895
4450
2441
6896
2296
5234
3706
5877
5601
1934
6722
6060
873
5490
3117
3589
750
1009
6120
5588
6522
4824
3617
2981
2199
4174
5711
4881
4975
6841
1436
5839
4329
3295
6539
2232
6671
5100
5902
1241
4978
1876
4793
5793
6286
5617
5362
2920
5788
5125
3211
2627
2237
4735
2332
5808
6688
6757
6593
2077
4696
6787
6419
2180
4471
4617
5210
3504
3119
2002
2247
5782
5802
6532
6830
3907
955
4817
3674
81
4991
3656
378
3141
2205
5460
4804
714
6097
3845
4646
620
5838
197
2987
3699
3072
6179
685
3071
245
3584
6238
788
1320
4941
260
6703
2295
6763
2775
6751
2725
5077
6155
1617
6641
4013
5295
3582
2636
2330
6606
5965
6783
5156
6378
961
2211
4116
4942
5862
5950
3252
3985
6504
4818
6216
5129
3722
4342
4252
6608
1401
659
5820
4958
6044
3091
1463
6022
1676
5689
635
3373
6393
1235
5925
1794
1909
5624
4760
2648
2579
1874
4984
1252
1731
6650
6374
4333
5645
5685
3380
5506
2946
2098
3885
2721
3030
6788
1122
2355
1151
4841
2634
3805
5197
5379
5030
5013
6492
3736
5930
4499
6132
4671
6573
4825
5207
6840
5962
4660
6778
3063
2265
3199
6464
6590
6353
5315
6876
3576
5056
5437
6444
4901
4968
6360
5335
2212
1400
440
6064
64
954
4716
1546
2280
2574
139
4960
6661
4360
2276
5761
5951
3903
4160
4309
5667
5778
2083
5982
6311
186
5973
5111
6646
2093
6810
5138
2535
4539
6237
3839
6708
3037
2061
294
4479
5267
5150
656
3981
6173
6332
2054
1697
6696
5300
5171
1443
3426
1850
2998
3567
1342
806
5648
3484
3285
588
2194
5269
6402
2090
5251
5084
2756
4813
6823
5078
4761
3359
6194
2803
1367
6644
2923
6814
3122
4634
6345
5792
5606
1674
6648
3449
6898
5698
3411
6795
4810
1700
1775
4284
3697
5856
1022
3735
1114
4046
5293
3874
5618
6821
4916
5678
2939
5060
3993
2203
5132
2550
1691
2897
6453
6769
5329
6792
4664
5795
2514
6316
3254
4677
1975
3833
6150
2025
2800
6454
5912
4600
3048
1931
3737
1064
1646
3025
4917
5996
75
869
1666
1139
4144
6537
119
5467
4694
3720
4248
5215
4215
194
5434
1014
6049
2620
5482
257
3986
1182
4952
6575
5391
2483
5610
4648
6818
3853
2786
1430
2398
5182
742
6479
6892
5019
386
410
681
5515
4151
6414
1928
3181
5621
2291
6327
3553
1104
4611
4376
2465
6325
492
4670
4524
5764
4905
5414
2944
5166
6322
1450
6789
6564
1828
5959
5759
2595
6534
6310
5157
5230
746
1069
6346
2337
6499
6106
3138
3503
3712
6142
5401
5205
5462
4098
2181
3762
6594
1772
5066
6274
5692
2856
6367
1051
1618
4715
5755
3361
5047
4739
2021
1212
1231
3129
6799
5664
3880
6435
6469
5475
3795
6151
1453
5938
6592
4005
4007
3830
3672
2975
3931
1972
6113
5732
3366
4469
3000
3704
6567
14
1152
3710
2966
2717
4820
6589
3223
5634
2806
5863
2729
5613
99
2596
101
2689
6674
419
3419
3816
4338
6500
6556
1088
5874
5958
2463
6115
5935
190
6230
2195
4312
4472
6083
4877
5676
2983
4314
5817
4138
6133
5065
4730
1264
1654
3027
481
5332
3307
4700
3988
736
6383
6583
2921
6670
6207
5740
4930
1339
1097
1871
5028
6884
5308
2986
1357
4676
494
517
6806
2352
5527
3933
6473
1890
835
6309
4509
4322
5971
5098
739
2153
1427
5357
3922
2565
6862
5483
2534
4202
4599
6303
3873
3381
966
6718
2277
6746
3455
3721
1021
5657
5287
3621
1904
6856
2163
1197
5242
5123
6449
1348
4710
5394
6726
4937
6046
6459
4564
6609
5929
4506
4417
4099
3828
6536
5611
1801
2763
1613
1957
4178
6063
2649
5359
6364
4380
6457
580
98
5566
129
6474
1550
3638
5570
3924
5704
6024
3444
4112
901
5999
6794
889
6450
3170
1003
291
5800
5204
6056
1372
4973
3562
5917
5701
6293
935
3897
6429
4368
5879
5241
5575
4323
6531
4316
559
2155
4850
6707
5931
2700
1019
6092
6554
6109
3651
1413
2186
705
6680
1891
2833
6847
4505
6652
3296
6827
4402
1588
3101
2704
5998
5452
4327
4749
4828
1314
2500
4860
4305
1889
6649
5905
1079
4614
1221
4969
5968
2288
1949
1504
4624
3251
5439
1629
3951
2370
4185
4868
2670
5619
3127
4925
5413
2139
6639
2383
6614
4371
4772
5270
6404
946
1456
253
5340
1633
58
6640
4964
5121
4406
4001
2894
5639
5023
5673
4172
3745
1017
6385
2604
1551
4770
6740
4653
5599
5790
6530
4415
4408
6252
1437
3367
5397
6893
1037
5218
3250
4672
3007
665
371
5252
3856
5872
4029
3233
3698
3841
3300
3561
1476
3149
6169
3696
6184
6819
5656
631
5082
4095
6334
2206
4060
3191
6764
6387
3522
3302
6343
818
1060
1349
6458
6137
4573
5757
6585
5196
5411
3754
4378
3243
3684
4299
6016
3688
5898
4816
5499
5036
3481
2327
6015
2613
5741
4076
4890
4743
5972
5070
4196
1839
5806
2140
2359
6879
1960
4833
4020
4962
5282
6808
3326
3914
3463
6907
5046
6314
6846
5120
3255
1494
174
2464
3515
3478
4292
4884
1213
6630
815
3594
3967
2675
4084
6036
4317
4108
1843
5050
3398
1803
6623
6447
6203
6098
6765
2005
6695
392
1715
5596
6842
6080
4165
3298
5911
3143
4492
2440
4293
3802
3948
4169
1950
4478
791
2857
3058
2511
4190
6051
6544
3868
912
1786
1439
3389
6465
442
5398
5104
5827
3128
4766
6732
2371
6185
2216
5533
3810
5385
2795
5867
2256
3598
4940
662
6119
5969
6268
4264
5283
1709
4510
771
3003
5558
6720
6747
2621
914
4418
6134
5796
6067
4558
5722
5837
3036
4134
6167
6816
6227
3649
5812
6541
6242
4623
6299
6535
4475
5479
5683
5492
6440
6356
6407
6288
5928
3872
3353
4498
3540
6486
1757
4632
3204
4224
4452
6880
2015
6111
6039
6498
2825
4268
3208
5789
5151
6665
6517
1520
6511
3961
4324
6086
2134
5710
4705
5875
6601
3210
4719
6243
3415
4181
5647
6739
4434
4567
4655
5633
3976
718
5235
1140
2696
6141
6752
6702
3334
4584
5797
5233
4187
316
5855
3120
5310
4062
1592
1143
6153
3726
2776
6463
2512
466
5992
4050
2860
6529
4724
2079
4424
6475
5915
3413
1428
1539
3920
703
4273
5988
6397
5343
4645
4303
3084
6456
4800
4355
911
5153
6664
6477
6129
3075
5354
6481
5649
2356
5264
5081
6514
4313
4822
1249
5410
5184
6717
3176
5584
4325
5418
5027
2273
6888
4523
5020
6738
5364
6848
2732
2174
2992
6171
3906
3011
6829
4871
6559
3220
3829
5549
4428
2495
3438
4835
3842
4130
1058
4436
6660
4210
6219
1044
103
2239
5043
3927
4985
5055
527
4609
5202
3587
187
6405
5574
217
220
5346
2278
4859
2826
2902
2715
4532
5781
5714
6582
261
1444
6881
5721
4865
5338
314
4855
6796
4618
4302
5363
5005
4521
2764
6776
5365
4515
5188
6576
469
5607
3310
1875
4983
5096
5585
6421
2757
3854
6635
2169
6250
5662
2784
4441
2196
5099
6302
5849
6742
3168
3746
741
4201
1568
2570
5211
6675
826
6548
6390
6361
1570
6428
6781
5348
5128
3570
3731
3642
4330
1375
6455
1294
3020
6801
1131
4453
4746
2104
5133
5322
5018
3547
5484
4259
1596
3936
1791
6858
6306
2315
6777
5116
5258
2318
5716
4251
6410
3974
4593
4409
3664
6771
4819
6470
4556
4335
3980
4229
4626
5173
6581
6901
5697
4207
2996
5963
4487
37
6423
6659
4396
2038
1528
3459
376
299
5540
3498
639
5746
4883
1822
6224
1695
1473
1090
5814
6779
6600
4344
276
1438
2641
1552
5900
1998
5562
2156
5908
4193
5134
6323
6068
2494
518
3049
5044
6828
4915
6758
1880
5976
4579
4166
5496
4490
3263
6547
6804
6186
5921
4953
3228
4334
1817
5390
6637
4659
5406
1856
6399
4221
2143
6471
5547
4458
6420
5454
5504
6093
1958
6019
5032
5063
6727
2553
6228
3583
1844
5433
6409
6508
5172
2402
5404
4691
5895
3875
4982
4723
5517
6234
5051
6673
4549
5224
6415
4438
4110
6491
5864
3472
3827
3752
1429
6485
5273
4946
2106
6130
6733
4386
5048
5589
5967
5543
5942
6313
3777
851
6520
5945
250
5848
4717
289
6628
3925
1524
5510
4420
1304
5623
6270
435
1354
6125
880
400
1048
3646
4747
424
4233
6790
3034
5745
5756
463
6220
5372
2577
3992
2125
3219
4575
2589
6780
5349
5442
5887
1163
6579
6759
6331
1754
6244
2556
6082
4580
3403
2582
1829
5232
5396
968
2236
5249
5857
6411
1990
5804
6685
6909
1203
4019
2566
3056
6852
1343
5542
6026
5674
4054
5201
6340
6295
1631
3575
3970
1766
5399
6408
6699
6023
6563
6011
2221
3312
4785
4577
6451
6315
6721
5476
3799
4419
3227
3962
2708
6196
346
5231
574
6629
6135
5964
191
5007
5603
5324
5216
903
4423
4574
4028
4088
2284
6101
6425
6895
353
4690
3060
6672
3725
4430
3928
838
6506
5932
3586
6211
6439
2893
4802
1600
6618
4117
3347
4721
5455
5223
689
1881
4943
4974
6038
6264
3107
3337
3105
2552
5892
6223
5449
1049
2477
5780
6845
4581
2971
6755
4911
6853
5221
5754
5256
6820
3837
1664
4261
2459
6362
3096
3625
2420
6748
5471
6232
4157
3133
4910
1322
6088
2188
5387
6391
6305
533
2302
6697
3265
1974
5843
6694
218
6731
4897
6168
3349
6509
3886
6159
3318
4999
5818
5739
5842
6736
5865
936
6875
4896
5501
6105
2765
5738
6461
3340
3610
6904
5889
3323
6834
6149
3818
1412
2182
983
3971
5712
5854
1133
6442
2456
3342
5869
1378
5691
6651
6298
4350
5620
6301
5109
4657
6709
5598
4280
5367
4092
4214
5190
6642
2547
6625
6578
6222
6146
5145
3711
4496
3917
6704
5994
4757
5719
6791
5208
6031
3761
5435
6734
5766
5305
6201
4049
5816
4328
5087
6280
172
5557
2743
6542
6239
2778
5371
6574
3236
3495
2594
6782
425
460
2414
4017
5033
6838
6427
6372
1799
2608
6676
801
893
6655
4437
4852
6604
5882
6235
3543
6570
3600
4023
4753
5108
6730
6285
5265
2065
6749
6004
2886
6008
3678
2283
4517
2313
3671
4537
4010
4684
6140
6728
6710
3793
6085
4295
6756
5978
6260
4413
212
6906
6117
6737
5209
6335
2428
4164
1628
6005
6669
6719
5516
6177
6571
5378
4875
6887
5850
5655
6369
6199
6202
6835
6320
5636
1995
2026
5989
1787
4976
4734
3241
5147
5784
3231
2520
6802
5198
5952
5514
6061
4711
6180
2377
6712
5642
6555
3893
2626
5333
1694
6213
5612
3635
5555
6553
6774
4397
6079
3603
6851
5472
2349
6396
3154
6484
1333
286
4194
3116
5403
3862
164
5165
6317
5572
6615
4257
6882
5868
5663
6034
6091
6200
6873
1425
6013
3942
1954
5582
4236
2121
3001
6562
2064
6599
2522
6607
5723
5016
6380
6319
5026
5212
6218
6850
6647
5180
3216
1796
6766
4289
6860
2112
3229
4241
4304
5402
6643
6112
2814
6785
5774
6254
5158
4773
4728
6692
1118
6832
5622
4926
6549
5577
2866
6854
6156
5274
5694
3852
330
6436
3743
3022
5809
3857
5140
6561
6883
6611
5369
5443
6178
6226
684
6634
5053
3387
5500
1671
2718
3615
6452
6900
6912
4022
6866
6745
1109
6622
6278
3247
6065
6502
5536
2829
6831
5953
5835
1986
5554
4650
6870
4385
6878
6807
4714
6915
6152
3639
6775
6584
5059
6297
5725
65
6843
3700
6700
6438
6910
238
6136
5909
6762
6911
6339
5680
6546
6401
6855
3895
6812
6638
6798
6273
4987
6163
2617
3321
3552
4285
5550
3791
6262
2088
3420
6103
4061
6867
6002
2157
5425
6861
6767
5901
5876
4738
4708
5578
3972
4315
4230
5750
6205
3879
743
4301
5717
4502
4963
6472
4072
1997
3861
6384
6803
3462
6487
4379
5936
3244
1262
4231
2865
994
5825
5485
4907
4892
6800
2605
6073
6195
6217
6496
5426
4894
6839
6107
2042
3979
6662
6588
6889
6833
6294
6683
5829
6523
6617
5474
606
6424
6621
5489
5684
344
6772
5486
2543
6890
5590
4638
5353
6743
3322
4613
6347
4080
6815
5318
6768
4908
3787
5416
6572
6272
3346
6824
6857
5974
3309
6817
4063
5361
6874
6914
4131
6229
5502
6750
5777
6844
6460
6007
6526
2925
6902
4364
6466
5675
5734
6525
3953
4477
6413
6348
5545
6595
6849
6124
5380
6043
6603
6693
4994
6371
6822
5580
5245
6441
6241
5595
3351
6864
1006
4784
5250
6017
6793
5948
3437
3537
6236
6377
6754
5567
6291
6905
6338
5075
5191
3675
6627
6686
6908
5393
5768
5907
6786
6877
6612
6885
6729
2037
6891
6677
4829
6681
4135
5225
6528
6886
6865
6626
6087
4114
6868
6691
5347
6100
4519
5374
6406
6897
6809
4002
6753
6872
5779
5480
3190
4682
5772
5366
6903
1907
4240
6713
5141
6663
4448
4189
4287
6899
6255
6913
5412
6770
6689
6894
6176
6826
3750
6518
6837
5351
4590
5160
6869
6863
6192
