520
72
201
76
4
479
710
2677
444
45
545
97
169
415
15
185
79
273
1034
372
511
213
7
125
111
677
1381
80
1408
696
275
246
132
278
1535
497
655
645
793
447
10
723
248
1690
1070
526
1218
2903
2575
429
1111
115
39
130
315
2119
724
106
370
561
1012
418
727
236
740
385
222
775
597
1087
1190
1077
1920
905
648
77
2338
1781
277
848
155
1529
913
55
1637
693
867
959
550
1317
87
1951
2819
151
589
883
1984
871
423
564
1530
1759
1469
637
450
211
2138
952
591
821
2678
612
148
549
229
621
283
1057
438
1153
451
319
610
529
1979
2009
51
375
1130
613
852
810
2017
367
17
1421
766
1274
816
1311
178
116
4276
958
379
2059
159
663
2049
485
2056
535
772
764
2488
1229
135
3640
228
221
1404
455
373
1593
539
887
1346
1887
1230
2990
2257
1820
1063
270
140
83
864
232
1214
3881
454
310
3331
2834
1426
2492
2919
1516
1117
836
813
757
1903
2289
2132
144
868
264
817
2102
1519
2192
540
2469
399
1056
1902
274
441
853
2880
73
1078
1265
267
558
989
1278
782
2148
691
1491
3645
354
2773
811
1653
781
2759
1029
769
1455
166
142
255
56
687
209
2107
3106
3165
348
2176
2444
1128
650
1445
198
1768
458
279
3457
508
1563
259
2074
3169
1327
395
546
1374
1205
2590
2378
530
3207
875
2222
733
1883
975
3073
3164
2208
477
1080
3454
1076
407
4603
584
827
647
1440
1685
1038
1397
753
1303
147
1509
2486
2745
1624
112
1976
1334
2415
615
2207
1630
3
2018
1220
82
1507
1857
1789
713
1226
1223
1366
1398
100
193
577
803
2979
804
338
1451
1779
328
2965
1747
247
1863
538
1502
4384
1608
3838
366
794
799
1119
744
2189
1422
1866
3407
1571
1240
2754
256
2674
934
1852
1620
3053
4168
1663
1016
671
2365
678
1113
1566
1688
2855
1279
244
2072
861
1755
4045
1481
2610
2261
708
3081
20
150
1948
202
909
1219
1480
2190
1448
2616
307
3899
626
1914
1941
1474
1925
2048
514
1882
1091
3212
676
1847
1059
120
785
1812
456
1508
401
992
318
203
2024
928
3807
388
2241
504
537
154
2219
421
2395
483
618
1138
2427
2915
1513
1989
1681
2185
225
2878
3242
59
3273
281
347
3667
360
565
1707
2489
1315
1714
738
4569
552
1396
4011
3521
1658
2334
2272
747
3205
1416
2724
1126
2081
1020
1147
784
85
3299
464
3564
1621
872
3111
2213
94
2691
2914
602
49
3744
387
2546
666
1825
4068
4363
233
2425
1584
619
2783
3019
657
1740
2646
907
760
2210
1275
3014
3939
2071
292
3166
1884
4808
562
41
177
2294
2160
1886
433
2558
2652
1704
1966
409
2217
4258
3477
2325
1432
1806
1485
787
1545
2322
1121
3083
1749
57
960
180
1089
980
1537
1414
593
266
70
2008
1780
1575
1991
2802
3768
532
3089
1185
758
922
183
904
1483
118
1433
780
629
2541
752
1236
1216
2307
362
86
951
1669
117
1313
896
145
828
2431
2837
2862
1395
731
357
516
5280
5954
2259
102
411
412
2793
627
616
2982
1762
728
4038
4405
981
544
2438
3043
1041
448
1489
1771
104
1134
1589
949
2769
377
1683
2154
603
3593
919
1908
54
926
417
2706
2849
1741
471
3288
1392
2780
701
1742
2531
484
468
3694
3476
854
1271
2333
4040
2973
856
2772
925
1340
783
1180
628
3010
2824
2230
3668
1514
2240
46
66
563
4033
4891
3175
1832
2669
3573
1035
1266
906
1371
2753
1913
1361
1614
3461
575
2774
4366
1782
4639
1351
881
2053
4542
3092
3213
2012
90
2532
1312
1277
977
2816
4489
5127
3774
3004
2527
1250
2412
1721
2058
1496
1015
970
2043
4122
2255
1523
3466
1900
3248
5751
560
1300
1359
2999
1149
1108
38
1862
305
453
1845
3648
1783
1052
2335
210
1001
40
1247
1156
2544
1579
722
3831
3239
3214
2293
585
1793
2374
536
1595
4235
3040
882
3529
2935
3369
295
3501
1289
2183
3430
2097
1968
725
2172
4565
301
296
430
1795
2063
2770
4136
916
829
2840
1110
4845
2103
4540
5142
2000
1999
3428
3368
226
1560
2405
1162
2472
1115
61
675
2416
1543
729
942
2900
3249
2245
2317
499
149
4278
3059
403
2766
204
282
2967
3565
2229
4827
4125
3661
3180
2496
4283
3385
870
445
2361
1144
1616
1577
3468
4667
74
860
1344
3707
2406
1125
478
4142
1202
2120
1420
1531
2665
2949
2394
789
1201
930
1094
2560
1254
4692
822
2084
985
937
331
2292
2227
335
1486
3690
1045
43
1611
4628
509
614
3215
1238
2947
554
3099
350
1477
439
446
3935
71
3066
1008
1387
1763
2846
3427
3051
3192
3776
2956
1217
4067
2101
3050
105
3516
700
1007
4034
4155
4545
3622
1467
146
3836
5671
2458
5306
1802
3174
2813
381
4133
1826
28
1191
4354
113
4100
1562
1493
3125
3691
2094
2883
1659
1268
4266
3778
3686
642
2116
4422
5470
242
1239
1912
2336
3202
5783
576
2734
5148
2930
3860
42
2202
5870
3850
490
1067
943
3545
133
1656
995
1751
3579
3597
2209
4543
974
3809
2481
1580
997
3062
1699
587
1639
2114
917
2549
5703
3123
5159
1195
3542
391
1409
406
1402
1024
306
2864
3088
1417
849
1157
2910
488
3702
2768
2341
224
3460
749
3708
487
972
284
2376
1743
4783
173
641
3623
3518
1260
2057
5386
165
302
2832
1701
4798
2442
1155
2601
3608
3451
672
2870
921
2799
4191
404
1093
2517
2692
2223
5532
1830
5677
4866
1853
3203
3041
3876
2854
3655
2530
5057
1605
2794
2723
5883
356
5693
1542
3021
2467
1033
2167
1224
4551
1442
833
3080
1670
1054
351
761
683
1178
3281
2767
2748
1356
2111
3772
2299
1745
1164
349
702
2561
2963
2358
2954
396
4358
489
1784
1332
2162
2858
1651
2235
2797
3445
1460
4526
4744
2422
2519
3984
327
1823
3728
2600
3609
3689
4555
393
2096
1399
2455
3733
5997
2032
1985
1310
5807
5638
47
737
879
3783
4729
2578
2006
2023
3341
4225
5801
604
1978
1418
3142
716
831
6215
3487
2082
196
762
3464
2421
5627
524
93
3354
1933
341
1390
4150
3061
2974
2720
3514
1963
1648
3663
4992
3052
553
1487
1722
3631
3443
5072
2131
1461
2474
394
1578
2144
774
4035
5957
551
670
1953
78
50
300
332
4320
325
2557
2137
2572
876
3047
1682
858
3747
6210
1248
2978
4153
3719
1253
1302
3240
1370
2615
4619
2095
3865
189
4120
258
1082
2698
4678
2073
405
475
2630
1435
4560
6620
5679
2310
3999
569
874
1860
3716
114
3126
4208
4238
1316
891
2433
2001
343
1547
988
694
3392
2218
5408
4763
1753
16
3523
2932
4885
2726
3026
5903
1227
2972
1389
3304
1635
1892
4290
1573
2448
4972
3620
26
3749
4123
1449
1170
4806
2171
646
5139
1901
2913
2117
473
3345
1943
4159
5564
1667
2844
249
2244
572
408
4527
2891
1479
3069
3140
1350
5106
2316
3335
3676
1930
2569
748
3513
634
877
2898
3901
3274
2142
4535
3800
1120
4731
3163
2312
4059
4977
3267
3158
4604
162
4631
1576
2166
428
2713
2747
364
704
4722
3471
993
2437
707
839
4607
2281
3670
6021
1888
2339
2253
4175
3301
3652
2892
1336
1246
1572
756
5519
3375
188
3396
3739
5163
947
832
3256
3114
4395
5541
890
548
623
397
1136
2429
1915
979
4047
3422
4493
2909
3429
4145
4369
3414
2988
358
4936
3714
3087
3177
3193
2403
3155
1811
4103
223
850
3724
3130
4633
1148
2738
1581
5356
4637
5040
21
215
31
3137
1207
3550
4456
3781
2145
3115
3469
1092
2950
908
1538
163
3834
2567
2551
