188
244
405
5560
409
320
4169
277
5547
1681
119
2828
1622
4087
2159
2443
642
399
2668
2827
4234
75
223
117
508
2154
1285
628
85
2018
1601
3956
79
354
336
1783
1634
2577
1069
1708
1761
310
1504
401
1995
1989
2222
331
235
2654
2802
1019
2438
2055
4103
90
665
2867
317
335
2276
1722
4218
560
2766
2881
1739
60
2595
1390
1541
650
13
3925
2555
2704
351
2166
304
5592
103
457
858
2331
2850
233
2127
620
1452
29
1643
2820
397
1531
1278
2289
1465
4073
692
5585
1798
2282
2770
4142
22
616
1535
1916
338
70
1510
2841
2314
2232
2703
1558
1589
992
496
97
187
71
93
143
1593
1767
151
217
429
4152
1947
1627
1520
240
2056
160
2085
2306
2309
1387
2202
372
1231
1729
2262
4214
1928
366
3933
381
1815
1822
323
1453
4154
709
5495
1840
1471
2180
4139
5269
2953
4286
1920
1611
2187
2240
2824
2448
113
2224
1621
1641
121
2210
1835
3914
4020
1893
2561
2263
218
167
313
368
2620
3412
283
4967
2826
1184
367
220
396
1859
2665
1996
2297
1860
134
1084
3789
2184
2231
787
2267
3814
2942
80
4062
2220
2287
2404
1753
2764
462
1517
1478
2060
611
649
88
724
2965
293
1369
2709
365
30
1588
2891
316
389
2624
129
329
4035
5045
242
4166
2243
4048
1544
2120
5577
3266
4355
490
2134
3004
1383
95
2845
280
4148
118
3862
4360
4637
199
284
1072
2163
1573
528
5571
1788
1768
2888
693
1445
2634
2663
279
388
2233
2904
582
5414
49
1440
2825
3083
3957
5485
1735
2596
4257
2121
2948
141
150
547
2593
1780
2075
52
1901
273
566
518
2190
555
881
1594
2967
1
1065
4715
149
4189
68
1548
2442
2685
302
3922
4101
295
2463
2895
4568
256
2269
2959
3876
179
810
4235
662
913
2132
2451
3971
115
4921
3831
1585
2432
152
501
674
2157
138
2892
717
849
1024
1891
86
447
2726
2470
1610
4658
2941
5241
2801
2816
373
467
2632
3816
2759
2203
4647
282
443
1056
4990
264
2614
139
3298
2558
4106
540
2324
2568
5457
4209
4480
261
1666
452
2717
108
1071
2637
3068
3996
488
1251
2842
319
3934
3952
4164
159
1908
2732
558
1353
2947
4093
4159
5051
5189
379
1257
3180
3253
4220
1984
5021
482
2143
4046
4489
28
384
1886
4337
2899
4335
1323
942
1791
2199
36
340
4113
1220
1562
1945
2214
2452
174
230
1650
3812
4144
232
651
1755
716
1009
1258
2019
2068
2165
2497
3982
864
1395
2427
156
706
919
1581
2253
3817
3860
5434
2815
3071
4815
4982
1328
1439
2686
262
3969
4049
4100
253
1701
1845
2027
2319
426
715
1958
3923
5305
5440
1624
2666
3961
5519
24
1850
20
1582
5466
5558
515
704
1493
4186
5035
116
358
585
1035
1563
1781
3849
722
1183
1219
1458
2714
5467
752
1730
1979
2092
4137
4677
2044
2661
2758
5496
1574
5535
128
1492
1578
2507
99
211
524
1168
5057
2273
2905
2962
4936
278
2280
2615
5531
346
2302
3826
4091
3053
1583
2291
725
1771
5268
77
94
213
773
4491
287
1428
1763
2034
2146
2800
5611
1825
4122
4650
476
667
1760
2660
1500
2133
2420
1392
1678
3997
4292
225
727
2207
137
449
666
1385
2566
3796
4182
2142
4009
135
292
464
1660
1764
2807
5450
243
309
1023
1032
1425
1662
3001
4336
1972
2185
2871
3271
3993
1362
2032
4329
406
2708
2765
664
2914
3291
4238
298
469
772
855
1070
2716
3458
4018
4354
101
281
1020
1136
1418
1727
2295
2553
2830
3311
5230
5463
1956
2847
127
398
1334
2527
451
697
2058
4248
536
696
1560
1565
2465
2810
290
322
1670
4221
1076
2102
2406
2846
2316
2691
3666
737
1382
1617
2031
2208
2389
2392
2986
5419
38
964
1890
2350
2514
3807
4343
1309
2173
2422
2651
166
412
577
2172
63
201
234
960
2464
1016
1048
1606
4420
1421
1667
836
1004
1507
1625
2065
2383
2412
3037
1400
1668
2285
2499
2505
0
189
294
607
1311
1702
2057
2513
2626
2849
2863
3877
4174
1254
3488
5080
1270
2819
4666
4680
4940
192
904
3892
4790
162
422
498
775
1139
1973
3423
4029
5596
471
1366
1792
1841
4034
341
478
1448
3455
4112
4462
4776
155
296
470
1596
2667
2993
3806
4302
981
2194
3056
4163
4705
147
226
1579
1661
1688
2105
2449
4991
5600
206
1723
2710
1280
2496
3984
4205
343
1007
1163
1333
1946
3006
3954
4245
403
615
740
1402
1640
1719
1750
2226
2254
2711
2814
4288
5248
145
513
746
1250
4795
5433
538
1637
2088
2310
3237
3268
4178
51
165
400
1064
2587
3464
4917
5158
202
360
370
1570
1646
2135
2181
2537
828
1185
2005
2772
4239
50
154
212
324
333
1198
2024
2508
3114
3837
1034
2675
5524
305
334
1018
2286
3490
3670
5473
87
1312
1569
1740
1832
2301
2395
2940
4099
251
315
410
844
920
1313
2330
2605
2767
2798
2927
3755
153
308
2176
2238
2294
2402
2722
3131
5515
45
53
175
517
545
1039
1962
2217
3385
4041
4171
1408
1765
2050
2461
2769
2878
5007
1686
2378
2426
2599
3333
3340
3425
4215
4349
5011
5046
5580
252
792
823
1933
2907
3293
3347
3917
58
570
574
860
1221
1355
1603
1679
1726
2205
2369
2584
3936
348
831
1595
1742
2175
2444
3404
3603
3668
4068
5380
125
148
590
910
1857
1963
2186
2300
4074
4713
355
435
541
2093
2281
2307
2840
157
526
922
994
2328
2822
4098
4311
5083
227
247
1142
1426
1922
1969
2022
2327
2373
2400
2721
2779
3571
42
133
454
1446
1616
1692
2064
2854
3373
3541
3695
4111
4134
16
394
395
643
937
1736
1856
2183
2255
2313
2908
3238
4978
5304
798
1700
2277
2322
2636
3878
3988
5550
1749
1938
2110
2588
3456
4173
4308
4627
950
1066
1211
2221
2958
3443
5195
5265
5569
2
456
1367
2014
2179
2682
3010
4634
2554
2600
4552
4771
4988
1325
1372
2151
2292
3376
3913
4185
4208
4678
4728
731
1082
1607
1790
1895
2108
2296
2573
2790
3016
3851
3935
4194
4895
4987
5506
1265
1580
1775
1854
2011
2248
2425
2890
2961
3906
4622
1111
1785
2059
2178
2771
3358
3903
4146
5010
5527
361
1149
2242
2567
3781
3803
4042
4999
5258
288
418
612
1137
1871
2582
