188
244
405
5560
409
320
4169
277
5547
1681
119
2828
1622
4087
2159
2443
642
399
2668
2827
4234
75
223
117
508
2154
1285
628
85
2018
1601
3956
79
354
336
1783
1634
2577
1069
1708
1761
310
1504
401
1995
1989
2222
331
235
2654
2802
1019
2438
2055
4103
90
665
2867
317
335
2276
1722
4218
560
2766
2881
1739
60
2595
1390
1541
650
13
3925
2555
2704
351
2166
304
5592
103
457
858
2331
2850
233
2127
620
1452
29
1643
2820
397
1531
1278
2289
1465
4073
692
5585
1798
2282
2770
4142
22
616
1535
1916
338
70
1510
2841
2314
2232
2703
1558
1589
992
496
97
187
71
93
143
1593
1767
151
217
429
4152
1947
1627
1520
240
2056
160
2085
2306
2309
1387
2202
372
1231
1729
2262
4214
1928
366
3933
381
1815
1822
323
1453
4154
709
5495
1840
1471
2180
4139
5269
2953
4286
1920
1611
2187
2240
2824
2448
113
2224
1621
1641
121
2210
1835
3914
4020
1893
2561
2263
218
167
313
368
2620
3412
283
4967
2826
1184
367
220
396
1859
2665
1996
2297
1860
134
1084
3789
2184
2231
787
2267
3814
2942
80
4062
2220
2287
2404
1753
2764
462
1517
1478
2060
611
649
88
724
2965
293
1369
2709
365
30
1588
2891
316
389
2624
129
329
4035
5045
242
4166
2243
4048
1544
2120
5577
3266
4355
490
2134
3004
1383
95
2845
280
4148
118
3862
4360
4637
199
284
1072
2163
1573
528
5571
1788
1768
2888
693
1445
2634
2663
279
388
2233
2904
582
5414
49
