1440
2825
3083
3957
5485
1735
2596
4257
2121
2948
141
150
547
2593
1780
2075
52
1901
273
566
518
2190
555
881
1594
2967
1
1065
4715
149
4189
68
1548
2442
2685
302
3922
4101
295
2463
2895
4568
256
2269
2959
3876
179
810
4235
662
913
2132
2451
3971
115
4921
3831
1585
2432
152
501
674
2157
138
2892
717
849
1024
1891
86
447
2726
2470
1610
4658
2941
5241
2801
2816
373
467
2632
3816
2759
2203
4647
282
443
1056
4990
264
2614
139
3298
2558
4106
540
2324
2568
5457
4209
4480
261
1666
452
2717
108
1071
2637
3068
3996
488
1251
2842
319
3934
3952
4164
159
1908
2732
558
1353
2947
4093
4159
5051
5189
379
1257
3180
3253
4220
1984
5021
482
2143
4046
4489
28
384
1886
4337
2899
4335
1323
942
1791
2199
36
340
4113
1220
1562
1945
2214
2452
174
230
1650
3812
4144
232
651
1755
716
1009
1258
2019
2068
2165
2497
3982
864
1395
2427
156
706
919
1581
2253
3817
3860
5434
2815
3071
4815
4982
1328
1439
2686
262
3969
4049
4100
253
1701
1845
2027
2319
426
715
1958
3923
5305
5440
1624
2666
3961
5519
24
1850
20
1582
5466
5558
515
704
1493
4186
5035
116
358
585
1035
1563
1781
3849
722
1183
1219
1458
2714
5467
752
1730
1979
2092
4137
4677
2044
2661
2758
5496
1574
5535
128
1492
1578
2507
99
211
524
1168
5057
2273
2905
2962
4936
278
2280
2615
5531
346
2302
3826
4091
3053
1583
2291
725
1771
5268
77
94
213
773
4491
287
1428
1763
2034
2146
2800
5611
1825
4122
4650
476
667
1760
2660
1500
2133
2420
1392
1678
3997
4292
225
727
2207
137
449
666
1385
2566
3796
4182
2142
4009
135
292
464
1660
1764
2807
5450
243
309
1023
1032
1425
1662
3001
4336
1972
2185
2871
3271
3993
1362
2032
4329
406
2708
2765
664
2914
3291
4238
298
469
772
855
1070
2716
3458
4018
4354
101
281
1020
1136
1418
1727
2295
2553
2830
3311
5230
5463
1956
2847
127
398
1334
2527
451
697
2058
4248
536
696
1560
1565
2465
2810
290
322
1670
4221
1076
2102
2406
2846
2316
2691
3666
737
1382
1617
2031
2208
2389
2392
2986
5419
38
964
1890
2350
2514
3807
4343
1309
2173
2422
2651
166
412
577
2172
63
201
234
960
2464
1016
1048
1606
4420
1421
1667
836
1004
1507
1625
2065
2383
2412
3037
1400
1668
2285
2499
2505
0
189
294
607
1311
1702
2057
2513
2626
2849
2863
3877
4174
1254
3488
5080
1270
2819
4666
4680
4940
192
904
3892
4790
162
422
498
775
1139
1973
3423
4029
5596
471
1366
1792
1841
4034
341
478
1448
3455
4112
4462
4776
155
296
470
1596
2667
2993
3806
4302
981
2194
3056
4163
4705
147
226
1579
1661
1688
2105
2449
4991
5600
206
1723
2710
1280
2496
3984
4205
343
1007
1163
1333
1946
3006
3954
4245
403
615
740
1402
1640
1719
1750
2226
2254
2711
2814
4288
5248
145
513
746
1250
4795
5433
538
1637
2088
2310
3237
3268
4178
51
165
400
1064
2587
3464
4917
5158
202
360
370
1570
1646
2135
2181
2537
828
1185
2005
2772
4239
50
154
212
324
333
1198
2024
2508
3114
3837
1034
2675
5524
305
334
1018
2286
3490
3670
5473
87
1312
1569
1740
1832
2301
2395
2940
4099
251
315
410
844
920
1313
2330
2605
2767
2798
2927
3755
153
308
2176
2238
2294
2402
2722
3131
5515
45
53
175
517
545
1039
1962
2217
3385
4041
4171
1408
1765
2050
2461
2769
2878
5007
1686
2378
2426
2599
3333
3340
3425
4215
4349
5011
5046
5580
252
792
823
1933
2907
3293
3347
3917
58
570
574
860
1221
1355
1603
1679
1726
2205
2369
2584
3936
348
831
1595
1742
2175
2444
3404
3603
3668
4068
5380
125
148
590
910
1857
1963
2186
2300
4074
4713
355
435
541
2093
2281
2307
2840
157
526
922
994
2328
2822
4098
4311
5083
227
247
1142
1426
1922
1969
2022
2327
2373
2400
2721
2779
3571
42
133
454
1446
1616
1692
2064
2854
3373
3541
3695
4111
4134
16
394
395
643
937
1736
1856
2183
2255
2313
2908
3238
4978
5304
798
1700
2277
2322
2636
3878
3988
5550
1749
1938
2110
2588
3456
4173
4308
4627
950
1066
1211
2221
2958
3443
5195
5265
5569
2
456
1367
2014
2179
2682
3010
4634
2554
2600
4552
4771
4988
1325
1372
2151
2292
3376
3913
4185
4208
4678
4728
731
1082
1607
1790
1895
2108
2296
2573
2790
3016
3851
3935
4194
4895
4987
5506
1265
1580
1775
1854
2011
2248
2425
2890
2961
3906
4622
1111
1785
2059
2178
2771
3358
3903
4146
5010
5527
361
1149
2242
2567
3781
3803
4042
4999
5258
288
418
612
1137
1871
2582
2602
3479
3502
4188
11
420
944
1037
1331
1705
1954
2077
2197
2246
2385
2705
4086
5572
5615
34
301
437
753
906
1187
1477
1515
2876
3802
3941
5004
5317
5522
711
1192
1194
1212
1669
1675
1889
2664
2671
2897
3904
4452
5469
62
224
347
761
1381
1915
2048
2832
3683
3943
4015
4094
4162
4344
4672
826
1359
2073
2219
3809
4123
4153
4175
5121
5223
66
267
1186
1240
1384
1505
1552
1651
2150
2886
5303
161
198
255
297
303
876
1299
2466
3055
3855
4160
4670
4923
5245
644
1073
1086
2423
2437
2817
2970
3797
4013
4668
4849
5437
5488
144
1796
1887
2213
2274
2523
2656
3610
3978
4285
4294
4594
4654
5621
1620
2387
2955
3835
3841
3861
4361
5277
111
312
382
386
1940
2657
2672
3533
3834
5604
480
497
660
1645
1836
1976
1982
2355
2861
3775
4043
4231
352
375
587
1480
1486
1864
2278
2885
3761
3820
3951
4108
4404
5588
794
1193
1305
1690
3225
3801
3970
4053
4136
4541
4675
5232
5559
76
245
774
783
1503
2091
2109
2218
2393
2745
2998
3046
3336
3379
3396
3846
4429
815
819
1590
2776
3392
3426
3463
3798
3881
4196
4371
4391
4596
4641
1138
1332
1602
1632
1937
2244
3041
3074
3442
3575
3627
4328
4707
4842
5606
270
553
632
1002
1302
1350
1658
1770
1813
2374
2439
2696
3382
3453
3656
3704
5139
5477
265
682
1040
1490
1526
1846
2396
3167
3249
3677
4070
4994
5605
353
438
472
486
1275
1409
1538
1837
2170
2564
2741
3130
3378
3696
4037
4109
4261
5201
809
966
1271
1604
1773
2043
2100
2462
2784
2900
4620
5579
173
1053
1303
1481
1577
2140
2669
2755
3108
3459
3946
4697
168
565
714
1026
2413
2869
3305
3742
4145
4150
4385
4996
5301
59
385
868
887
1091
1450
1880
2358
3184
3839
5212
481
840
1203
1386
1488
1656
1849
1919
2026
2149
2580
3431
3470
4222
39
231
356
377
510
765
776
884
1460
1524
1586
1831
1991
2053
2458
2519
3543
3907
4149
4242
4345
4353
4781
4925
74
537
542
760
1262
1539
1649
2079
2257
2565
4010
4120
4290
4399
4689
4810
5290
229
359
630
853
1063
1289
1965
1988
2390
2453
2489
2762
2933
3489
3688
3972
4287
5554
952
1046
1364
1378
1436
1704
1842
2030
2338
2570
3270
3639
4076
4138
4266
4325
4582
5454
493
530
925
1207
1512
1567
1677
2433
2473
2625
2715
3003
3066
3169
3189
3520
4072
4610
4623
4757
5371
5500
544
557
1747
1838
1926
2799
2879
3410
3450
3752
4061
4199
4306
4341
4913
5166
5204
33
105
236
237
378
806
874
1141
1195
1287
1335
1467
1485
1592
1664
1721
1961
2429
2785
2791
3274
3344
3747
3930
3944
4126
4566
404
448
701
1156
1561
1566
1898
1939
2046
2504
2541
2898
3032
3034
3048
3825
3886
3915
4116
4481
4920
4984
4992
5119
5213
1173
1506
2495
2786
3287
3289
3515
3785
4005
4006
4372
4726
5589
311
332
535
870
989
1122
1131
1151
1528
1968
2162
2247
2538
2650
2658
3738
3811
3824
4236
4554
4837
4839
4843
5191
5217
5239
5243
5335
5412
164
248
548
597
670
687
754
1074
1146
1175
1868
2016
2446
3112
3247
3400
3601
4813
5024
5145
5575
44
222
250
339
342
581
639
791
1090
1196
1427
3258
3427
3722
3829
3840
3858
67
1100
1292
1489
2104
2191
2193
2974
3496
3566
3649
3995
4207
4297
4592
4745
4759
4995
5376
5427
5504
5618
19
363
1463
1475
1683
2323
2337
2397
2633
2806
3519
3557
3646
3964
4304
4412
4946
5105
5228
5442
5565
1438
1464
1549
1654
1786
1978
2235
2659
3115
3156
3387
3444
3546
4281
4761
5318
5613
1344
1615
1728
1828
2223
2430
2475
2724
2805
3123
3209
3630
3736
4437
4585
4639
4777
4868
5452
5458
5492
207
369
677
893
1197
1557
1778
1948
2095
2228
2321
2333
2419
2949
2960
3181
3576
3686
3890
4192
4324
4326
4397
4409
4424
4704
5039
5609
54
177
228
327
825
1508
1696
1714
1830
1874
2118
2640
2773
3446
3568
3857
4014
4274
4537
4648
5025
5185
5251
5536
239
468
621
1358
1762
1998
2237
2339
2386
3031
3748
4026
4181
4645
5169
5341
5416
5430
5439
69
200
376
519
732
739
859
1042
1295
1754
2083
2290
2737
2882
3045
3303
3905
4011
4027
4368
4932
5164
5252
5255
5284
629
710
728
1157
1374
1631
2272
2381
2403
2604
2929
3000
3165
3210
3528
3836
4119
4127
4201
4660
4710
4721
191
594
943
1274
1368
1547
1597
2401
2586
2603
3366
3621
3637
3768
4755
4966
4983
83
124
300
485
778
933
1051
1202
1357
1725
2063
2204
2265
2646
3505
3681
3717
4398
4441
4586
4602
4635
4732
5385
142
500
892
1094
1444
1556
1685
2035
2256
2688
2979
3099
3142
3205
3242
3354
3398
3850
4428
4459
4807
4855
4878
5074
5179
5624
474
564
837
961
1225
1248
1259
1273
1321
1779
2033
2124
2356
2877
3132
3514
3560
3740
4141
4155
4359
4791
5023
5211
91
274
584
756
1022
1105
1473
1638
2000
2160
2234
2725
2909
3149
3179
3437
3449
3795
4066
4084
4085
4125
4276
4403
4581
4674
4866
4915
4948
4980
5026
5247
5279
48
417
1124
1165
1181
2284
2382
2469
2533
2808
2913
3084
3269
3283
3638
3673
4140
4143
4373
4608
4723
4773
4808
4935
4956
4981
5034
5107
5451
214
345
723
1208
1354
1447
1734
1870
1994
2106
2351
2957
2987
3467
3734
4040
4124
4659
4774
4817
43
408
461
1201
1210
1468
2158
2594
2677
2809
3024
3159
3570
3793
3810
4088
4204
4422
4555
4953
5001
5027
5041
5093
5178
5486
9
56
424
669
979
1098
1162
1246
1404
1759
1896
2049
2078
2081
2099
2341
3127
3245
3451
3739
3762
3870
3872
4017
4613
5005
5361
5372
5445
5505
14
344
895
995
1294
1319
2006
2086
2368
2486
2862
3067
3753
3909
4265
4312
4498
4565
4872
5229
5363
5403
5544
5553
5556
8
285
645
988
1863
2069
2550
2569
2896
3157
3223
3434
3565
3643
3804
3889
4320
4549
4939
5114
5222
5272
5528
258
624
1145
1213
1268
1799
1934
2206
2209
2311
2388
2445
2576
2902
2932
2995
3049
3064
3078
3582
3605
3665
3751
4036
4132
4225
4226
4246
4367
4434
4760
4784
4979
5097
210
531
569
694
764
1031
1159
1459
1623
1709
1877
1953
2051
2137
2138
2164
2471
2503
2622
2629
3429
3495
3655
3823
3940
4551
4571
4720
4951
5009
5019
5225
5274
5393
5587
55
318
362
543
939
972
1005
1233
1882
1924
2252
2360
2611
2748
2855
2875
2901
2943
3025
3360
3391
4075
4264
5072
5193
5207
5460
4
47
197
506
605
661
747
762
862
1320
1559
1612
1942
2114
2468
2562
2756
3214
3240
3264
3462
3509
3782
4090
4278
4427
4731
4922
5273
5309
5428
5432
5483
5493
5549
259
459
554
684
901
951
1044
1179
1249
1360
1633
1800
2750
2984
3101
3255
3477
4019
4023
4187
4269
4321
4553
5101
5219
5499
466
473
576
736
1373
1711
1913
2084
2440
2835
2923
2950
2982
3113
3177
3234
3273
3377
3481
3679
3821
3902
4012
4158
4280
4487
4824
4851
4928
5216
5244
5436
5449
759
847
963
1033
1038
1148
1356
1514
1648
1652
2407
3183
3325
3390
3589
3963
4056
4115
4273
4291
4506
4535
180
445
636
805
877
1014
1114
1237
1298
1306
1476
1575
1741
2004
2198
2279
2556
2621
2853
3288
3320
3794
3920
4051
4096
4241
4247
4348
4601
4741
4962
5076
5198
5199
5441
82
275
276
503
646
705
1036
1242
1281
1352
1417
1431
1807
2101
2701
2831
2838
3018
3075
3076
3204
3261
3494
3727
3856
3888
3894
3975
4004
4038
4195
4374
4615
4638
4683
4893
4952
5102
5509
5552
428
432
512
614
663
726
879
1078
1133
1346
1349
1371
1389
1391
1429
1521
1529
1545
2054
2485
2535
2730
2868
2874
2973
3008
3144
3260
3367
3375
3484
3506
3642
3705
3714
3864
3976
4032
4243
4271
4319
4338
4410
4919
5091
5254
5266
427
477
563
603
719
883
1158
1191
1218
1238
1239
1388
1397
1494
1665
1823
1951
2013
2020
2076
2182
2391
2529
2653
2740
2780
3170
3523
3590
3602
3669
3772
3843
3885
3945
4000
4022
4097
4117
4184
4190
4227
4228
4263
4389
4465
4579
4699
4838
4938
4998
5206
5237
5292
5353
5508
5537
5539
299
744
1215
1348
1399
1673
1769
1839
1867
1955
1971
2012
2067
2080
2116
2126
2168
2230
2431
2674
2713
2857
3011
3119
3213
3275
3380
3405
3492
3548
3632
3725
3771
3827
3848
3947
4129
4151
4213
4237
4468
4816
4869
5131
46
84
140
802
1099
1437
1466
1495
1509
2087
2098
2139
2156
2521
2777
2894
3051
3103
3129
3299
3594
3648
3657
3676
3776
4210
4277
4533
4539
4630
4702
4703
4768
4911
4950
5194
5299
5351
5378
246
423
439
514
591
604
635
668
785
822
975
1015
1143
1291
1327
1423
1629
1737
1808
2052
2241
2268
2305
2428
2457
2516
2856
2956
2966
2988
3125
3161
3342
3351
3574
3774
4002
4003
4128
4161
4477
4695
4718
4764
4976
5002
5013
5018
5033
5453
5534
5595
5619
18
65
383
626
658
738
779
818
1169
1227
1405
1491
1501
1674
1784
1848
1855
1872
1900
1930
2015
2039
2115
2480
2641
2700
2980
3117
3217
3294
3307
3309
3343
3504
3599
3790
4279
4454
4671
4706
5128
5286
5375
492
634
850
1206
1442
1680
1777
1881
1950
2029
2037
2500
2678
2994
3406
3445
3473
3476
3577
3784
3879
4272
4293
4315
4483
4942
4945
4964
5082
5106
5130
5288
5336
5367
5435
5498
5533
5616
349
689
750
843
991
999
1097
1117
1591
1795
1829
2096
2379
2405
2478
2528
2563
2607
2670
2684
2939
3296
3393
3418
3562
3592
3916
4089
4392
4471
4716
4722
4832
5235
5297
112
163
374
441
458
463
688
929
1087
1113
1229
1266
1568
1609
1713
1806
1866
1981
2229
2340
2372
2421
2459
2531
2548
2848
2873
3005
3118
3164
3300
3401
3469
3650
3939
4493
4500
4686
4692
4712
4746
4766
4887
4927
5040
5085
5124
5126
5180
5214
123
193
194
402
647
680
807
980
990
1041
1068
1160
1451
1671
1695
1715
1851
1876
2072
2112
2188
2215
2288
2329
2414
2512
2551
2989
3012
3105
3153
3191
3250
3315
3346
3777
4055
4363
4538
4629
4640
4836
5056
5155
5260
5333
5377
5409
5424
5541
5545
5620
73
263
269
391
453
532
593
769
880
897
932
1096
1247
1336
1525
1732
1914
1918
1936
2200
2260
2275
2325
2619
2782
2938
2997
3065
3143
3158
3168
3199
3620
3938
3960
4021
4202
4252
4366
4416
4619
4632
4655
4701
4772
4823
5058
5302
5320
5330
5334
5406
5420
25
102
257
617
631
690
808
986
1190
1432
1564
1782
1819
2021
2074
2251
2264
2283
2304
2348
2435
2454
2524
2645
2763
2781
2981
3110
3120
3124
3137
3263
3285
3328
3409
3471
3651
3884
3927
3968
4170
4198
4313
4380
4406
4463
4525
4544
4574
4575
4769
4826
4894
4914
4961
4968
5316
5342
5476
5491
5538
5590
89
172
208
371
549
579
869
888
1010
1317
1733
1809
1869
1970
2040
2094
2303
2434
2498
2598
2639
2792
2821
2924
2951
3365
3413
3867
4305
4431
4443
4472
4486
4564
4664
4770
4793
4882
4906
4937
4970
5017
5209
5226
5322
5354
5465
5472
6
100
238
533
571
742
751
820
821
905
930
1055
1080
1101
1140
1153
1223
1253
1264
1286
1343
1479
1516
1598
1608
1975
1987
2097
2128
2171
2399
2436
2589
2649
2797
2858
3019
3314
3316
3403
3483
3609
3645
3674
3942
3990
3991
4078
4080
4299
4375
4466
4540
4750
4762
5090
5112
5123
5163
5165
5276
5280
5289
5583
390
702
758
938
1128
1161
1172
1188
1226
1230
1245
1276
1340
1351
1462
1469
1534
1542
1630
1802
1941
2129
2493
2911
3058
3332
3394
3735
3783
3869
4230
4342
4379
4394
4597
4729
4796
4811
4926
5008
5066
5078
5172
5249
5338
5381
5399
5423
5521
183
328
419
520
559
586
595
676
813
948
1120
1170
1318
1410
1540
1694
1703
1757
2038
2136
2357
2370
2697
2783
2931
3029
3219
3319
3475
3550
3636
3691
3706
3716
3719
3746
3786
3854
3931
3965
4147
4339
4501
4546
4614
4667
4785
4809
4909
4918
4931
5016
5116
5312
5456
5459
5548
130
136
169
182
185
254
364
436
521
610
618
627
757
829
1050
1059
1093
1167
1204
1282
1345
1430
1537
1576
1642
1720
1885
2010
2293
2441
2552
2613
2676
2795
2837
2843
2872
2920
2937
3109
3135
3154
3278
3330
3440
3441
3454
3485
3585
3606
3813
3818
3912
4133
4168
4244
4318
4432
4460
4476
4478
4543
5147
5187
5264
5411
5484
5494
5563
5614
484
572
580
673
718
749
796
941
1057
1085
1147
1174
1536
1745
1862
2111
2131
2167
2192
2249
2259
2484
2525
2712
2753
2818
2926
2971
3047
3079
3106
3155
3185
3196
3200
3227
3231
3301
3503
3510
3551
3750
3852
3871
4177
4183
4219
4301
4356
4484
4485
4512
4521
4557
4562
4567
4584
4758
4767
4818
4821
4825
4861
4864
4883
4886
4892
4897
4929
5071
5205
5348
5349
5373
5520
5540
110
131
495
755
800
954
955
1030
1062
1217
1712
1852
1853
2025
2502
2517
2540
2606
2687
2707
2774
2829
2864
2884
2915
2977
3009
3023
3092
3151
3175
3206
3211
3248
3284
3297
3374
3420
3428
3472
3499
3508
3534
3647
3672
3859
3921
4007
4030
4052
4063
4121
4180
4262
4317
4327
4401
4405
4531
4550
4573
4578
4617
4653
4711
4957
5060
5075
5094
5110
5234
5263
5267
5352
5557
3
23
178
272
460
475
578
633
721
748
803
824
885
978
1118
1121
1180
1234
1290
1461
1532
1599
1618
1717
1756
1797
1811
1929
1966
1977
2003
2007
2009
2239
2354
2560
2630
2689
2860
2954
3007
3014
3033
3062
3077
3080
3081
3082
3233
3327
3465
3675
3709
3741
3937
4025
4069
4095
4193
4200
4206
4347
4362
4382
4386
4446
4451
4508
4514
4580
4595
4636
4673
4829
4841
4898
4941
4947
4955
5012
5069
5151
5200
5298
5307
5347
5478
37
186
330
499
516
568
623
657
703
851
863
912
915
945
968
1061
1177
1199
1269
1272
1324
1497
1518
1774
1794
1865
1883
1943
1960
1980
2211
2536
2616
2747
2751
2793
2916
2935
2992
3057
3059
3192
3232
3339
3355
3629
3652
3700
3764
3765
3773
3822
3868
3891
4110
4275
4289
4351
4440
4467
4502
4532
4569
5210
5283
5567
21
32
104
146
170
171
271
286
291
306
337
430
440
465
641
672
695
712
767
770
827
848
871
935
1003
1021
1214
1308
1338
1363
1398
1441
1653
1821
1873
1925
1931
1964
1990
2023
2028
2061
2082
2266
2363
2375
2534
2559
2635
2638
2720
2723
2787
2834
2870
3022
3166
3244
3326
3433
3482
3521
3524
3626
3712
3743
3792
3901
3977
4203
4251
4295
4482
4593
4598
4789
4860
4862
5052
5088
5100
5154
5224
5240
5325
5345
5408
5413
5461
5487
92
529
551
637
804
832
931
959
965
1125
1129
1134
1152
1279
1377
1420
1546
1587
1647
1691
1789
1793
1818
1847
1879
1974
2155
2169
2189
2196
2346
2364
2367
2424
2488
2581
2718
2803
2887
3026
3121
3139
3140
3359
3399
3414
3457
3461
3553
3588
3595
3624
3732
3756
3800
3830
3896
4131
4167
4411
4473
4612
4724
4747
4786
4805
4830
4865
4870
4965
4971
5000
5036
5047
5162
5253
5257
5315
5379
5383
5387
5410
5429
5448
5542
5570
5573
5608
31
114
241
415
479
596
601
638
768
788
795
814
882
894
914
973
983
1000
1001
1025
1052
1182
1307
1396
1676
1731
1805
1820
1905
1935
2066
2123
2312
2359
2410
2583
2692
2727
2742
2921
2963
2983
3020
3043
3093
3096
3126
3198
3239
3279
3322
3369
3424
3466
3579
3600
3682
3703
3745
3778
3926
3948
3955
3967
3979
3992
3999
4081
4258
4330
4364
4423
4490
4504
4524
4609
4691
4782
4812
4822
5170
5390
5421
5431
5523
307
325
766
782
889
940
971
974
1088
1236
1314
1326
1424
1511
1522
1657
1698
1738
1985
1999
2250
2317
2380
2644
2681
2719
2859
2910
2934
2944
3188
3195
3246
3304
3363
3402
3407
3535
3559
3597
3614
3640
3721
3863
3949
4083
4105
4296
4381
4407
4439
4507
4604
4607
4657
4780
4850
4963
5044
5054
5129
5171
5184
5256
5350
5356
5362
5374
5391
5462
5470
17
176
184
203
431
562
600
681
683
841
1029
1108
1171
1241
1341
1435
1449
1482
1614
1636
1697
1743
1899
2090
2125
2308
2361
2415
2575
2627
2631
2643
2749
2761
2775
2789
2804
2844
2945
3039
3090
3095
3098
3100
3229
3280
3317
3337
3356
3362
3411
3436
3438
3486
3532
3593
3635
3667
3687
3715
3720
3728
3847
4050
4118
4130
4259
4309
4357
4377
4402
4503
4523
4563
4624
4679
4763
4806
4814
4828
4844
4848
4873
4877
4989
5059
5089
5099
5113
5118
5125
5148
5175
5233
5246
5389
5395
5480
5530
61
205
321
573
679
713
763
866
900
969
1135
1155
1284
1403
1407
1550
1706
1776
1814
2008
2122
2161
2261
2371
2416
2543
2738
2823
2851
2996
3040
3052
3088
3094
3136
3163
3197
3286
3318
3384
3395
3432
3480
3513
3529
3661
3701
3729
3770
3805
3875
3900
3910
3911
3918
3929
3989
4016
4024
4028
4059
4079
4232
4250
4510
4528
4583
4727
4779
4804
4834
4857
4907
4973
4986
5022
5049
5087
5096
5141
5190
5294
5310
5358
5447
5594
5627
64
106
216
221
350
433
592
655
700
793
875
896
907
917
934
949
957
1089
1361
1376
1411
1422
1455
1527
1572
1710
1724
1892
1912
1959
2107
2318
2344
2408
2510
2530
2662
2768
2865
2866
2889
2930
3038
3133
3182
3215
3290
3312
3324
3338
3349
3352
3361
3415
3435
3468
3612
3644
3693
3757
3780
4001
4045
4057
4191
4223
4229
4369
4419
4453
4458
4589
4714
4738
4765
4799
4831
4863
4889
4943
4954
5028
5073
5098
5111
5137
5192
5366
5455
5561
5582
5625
72
96
107
442
552
608
817
936
967
977
998
1102
1178
1189
1209
1228
1263
1288
1401
1626
1682
1718
1766
1810
1817
1833
2299
2477
2487
2547
2557
2608
2617
2652
2690
2735
2788
2839
2880
2917
2976
2991
3015
3021
3086
3138
3222
3272
3487
3497
3542
3544
3660
3664
3744
3760
3819
3962
3983
4114
4233
4282
4300
4425
4474
4529
4556
4570
4588
4616
4625
4631
4652
4656
4662
4669
4676
4688
4700
4709
4881
4885
4902
4975
5042
5050
5104
5291
5311
5328
5343
5369
5464
5601
5607
7
10
204
446
491
619
671
708
745
781
873
891
898
916
958
1027
1060
1092
1110
1115
1116
1164
1283
1301
1322
1380
1551
1600
1628
1644
1689
1699
1804
1824
1827
1921
1993
2345
2377
2456
2460
2571
2693
2733
2746
2757
2912
2928
2936
2978
3027
3147
3256
3545
3663
3689
3959
4104
4303
4331
4390
4408
4456
4499
4505
4643
4730
4742
4748
4752
4960
5015
5067
5081
5161
5327
5331
5364
5407
5474
5551
109
196
215
289
546
567
648
654
656
812
839
872
928
987
1077
1107
1244
1252
1296
1394
1412
1415
1530
1553
1707
1758
1812
1884
1894
1910
1944
2103
2411
2490
2526
2729
2754
2813
2906
2952
3063
3150
3190
3252
3295
3372
3452
3522
3598
3604
3623
3641
3654
3662
3694
3697
3699
3724
3833
3928
3953
3966
4065
4322
4333
4378
4393
4457
4494
4515
4560
4591
4663
4737
4874
5003
5063
5065
5109
5238
5355
5388
5394
5503
5511
5568
5574
26
35
126
132
413
489
504
523
583
622
625
698
789
996
1006
1013
1047
1104
1119
1123
1224
1584
1639
1655
1748
1803
1816
1875
1897
1911
1927
2017
2227
2258
2376
2417
2494
2546
2731
2968
3036
3276
3281
3310
3341
3364
3370
3397
3417
3439
3498
3558
3561
3583
3607
3718
3731
3737
3883
3932
3950
4033
4044
4054
4064
4082
4172
4253
4268
4438
4447
4475
4536
4545
4548
4682
4694
4756
4787
4794
4856
4859
4876
4904
4934
5037
5055
5064
5084
5135
5140
5160
5220
5365
5384
5392
5468
5564
40
120
158
209
434
505
539
588
653
678
741
786
816
846
899
918
921
947
1132
1150
1243
1329
1330
1502
1555
1716
1902
1983
1997
2045
2145
2270
2349
2455
2482
2501
2532
2578
2647
2680
2893
2918
3061
3122
3201
3212
3226
3235
3348
3474
3527
3531
3618
3658
3671
3711
3787
3842
3882
3981
3986
4031
4047
4255
4387
4442
4517
4520
4559
4599
4685
4739
4775
4835
4846
4852
4890
4930
4969
5149
5221
5300
5319
5329
5425
5443
5475
5489
5513
5514
5543
5576
5591
5622
41
57
81
190
268
326
483
606
652
733
735
799
857
861
1008
1315
1416
1433
1470
1496
1499
1659
1746
1826
1858
1906
1932
2062
2070
2089
2212
2315
2334
2342
2544
2549
2642
2695
2946
3097
3104
3194
3202
3224
3228
3241
3277
3350
3460
3501
3530
3547
3563
3633
3733
3887
3893
4071
4107
4211
4216
4224
4254
4283
4383
4426
4435
4461
4733
4744
4751
4827
4884
4896
4903
4924
4997
5108
5231
5259
5270
5357
5401
5529
5597
5599
5626
266
507
589
613
659
675
699
730
743
797
811
835
867
878
890
997
1045
1130
1232
1293
1310
1342
1379
1693
1957
2144
2148
2152
2216
2271
2298
2384
2398
2572
2601
2612
2618
2683
2694
2699
2734
2883
2964
3054
3072
3116
3148
3203
3221
3321
3448
3493
3526
3578
3584
3591
3596
3625
3759
3788
3866
3898
3919
3987
4092
4260
4307
4316
4352
4496
4522
4527
4611
4618
4651
4681
4708
4719
4743
4754
4788
4797
4833
4847
4875
4891
5030
5077
5092
5156
5159
5174
5182
5197
5242
5250
5278
5285
5293
5295
5323
5324
5426
5444
5446
5479
5502
219
407
444
455
494
602
640
691
780
801
852
886
903
909
926
956
1011
1095
1154
1176
1200
1235
1260
1261
1347
1414
1457
1519
1554
1687
1907
2041
2113
2177
2236
2326
2335
2336
2418
2479
2509
2518
2579
2648
2736
2752
2796
2969
2999
3028
3060
3087
3187
3220
3236
3259
3306
3345
3357
3383
3500
3540
3580
3608
3631
3659
3678
3702
3726
3754
3808
3815
3832
3844
3897
3973
3974
3980
4102
4197
4310
4323
4358
4395
4413
4415
4430
4449
4455
4464
4511
4547
4576
4649
4725
4798
4858
4867
4871
4908
4910
4977
4993
5038
5048
5053
5079
5115
5127
5143
5146
5150
5153
5282
5332
5346
5360
5397
5422
5490
5501
5526
5578
5584
5623
15
195
249
392
425
575
707
833
865
953
970
976
985
1081
1083
1106
1109
1297
1365
1375
1413
1434
1484
1543
1605
1684
1751
1952
1986
2036
2352
2353
2362
2447
2474
2491
2506
2545
2585
2591
2679
2836
2990
3002
3128
3178
3216
3257
3267
3331
3368
3447
3491
3538
3539
3554
3555
3556
3615
3616
3617
3634
3692
3707
3749
3838
3873
3924
3958
3998
4135
4176
4396
4433
4470
4495
4509
4516
4606
4621
4749
4802
4820
4879
4900
4933
5006
5014
5029
5061
5062
5132
5133
5167
5176
5181
5183
5203
5215
5218
5306
5313
5321
5482
5497
5512
5516
5517
5518
5532
5546
5562
5566
5586
5
27
98
122
380
416
487
522
598
599
609
686
720
771
845
1017
1049
1126
1205
1304
1316
1393
1443
1456
1483
1487
1498
1513
1619
1772
1904
1917
1967
1992
2002
2071
2117
2147
2366
2450
2467
2481
2492
2539
2574
2590
2609
2610
2623
2628
2673
2698
2728
2811
2919
2972
3050
3070
3089
3146
3152
3173
3251
3262
3282
3292
3302
3335
3416
3512
3518
3536
3537
3587
3611
3653
3684
3685
3766
3865
3880
3899
3908
4077
4156
4212
4256
4267
4284
4314
4334
4365
4388
4400
4418
4421
4436
4448
4488
4492
4513
4518
4526
4542
4558
4605
4644
4693
4717
4736
4778
4840
4888
4912
4974
5043
5086
5095
5117
5157
5168
5236
5262
5281
5287
5314
5402
5405
5415
5481
5525
5593
5602
5617
78
260
387
502
790
856
902
908
1054
1075
1103
1144
1222
1277
1474
1523
1571
1635
1744
1752
1801
1844
1861
1888
1909
1923
2047
2141
2153
2409
2472
2476
2597
2812
2903
2922
2925
2975
3017
3035
3085
3111
3162
3207
3218
3230
3243
3313
3371
3422
3511
3517
3622
3713
3723
3769
3828
4008
4240
4270
4332
4370
4376
4384
4417
4444
4445
4450
4497
4530
4590
4603
4642
4665
4735
4740
4753
4792
4800
4803
4853
4854
4880
4901
4905
4958
4985
5031
5032
5068
5070
5144
5152
5173
5186
5202
5261
5337
5339
5340
5344
5370
5471
5598
5610
12
314
357
393
411
414
421
450
511
525
534
556
784
830
834
842
854
923
927
946
982
984
1012
1028
1043
1112
1127
1300
1337
1339
1406
1613
1663
1672
1834
1843
1878
1903
2001
2130
2195
2245
2332
2343
2511
2515
2522
2542
2592
2702
2706
2744
2760
2778
2794
3044
3091
3145
3160
3171
3172
3174
3176
3208
3265
3308
3334
3353
3389
3525
3549
3564
3567
3569
3572
3581
3586
3613
3619
3680
3690
3708
3710
3758
3763
3779
3791
3845
3853
3895
4060
4157
4165
4217
4350
4519
4587
4600
4626
4633
4690
4696
4734
4783
4801
4819
4949
4959
4972
5103
5136
5138
5177
5196
5227
5296
5308
5326
5382
5398
5417
5507
5581
181
509
527
550
561
685
729
734
924
993
1058
1067
1079
1166
1216
1256
1267
1419
1454
1949
2042
2119
2201
2347
2365
2394
2483
2520
2739
2852
3030
3069
3102
3107
3141
3186
3329
3381
3388
3408
3419
3421
3430
3507
3698
3730
3767
3799
3985
3994
4039
4058
4067
4249
4298
4414
4469
4479
4534
4561
4577
4628
4646
4661
4687
4698
4899
4916
4944
5020
5120
5134
5142
5188
5271
5275
5359
5368
5386
5400
5404
5418
5438
5510
5555
5603
777
838
911
962
1255
1370
1472
1533
1787
2174
2225
2320
2655
2743
2833
2985
3013
3042
3073
3134
3193
3254
3323
3386
3478
3516
3552
3573
3628
3874
4179
4340
4346
4572
4684
4845
5122
5208
5396
5612
