1351
1253
1366
785
851
1327
581
498
1493
944
531
1039
1466
117
675
297
1751
643
1469
386
1753
1506
352
889
1824
1196
323
1226
1305
501
51
290
536
1608
624
378
876
163
223
697
1392
1096
499
1462
547
507
1696
826
572
1667
925
230
468
975
1646
1334
563
11
835
717
1202
1450
175
73
1336
285
1625
1131
361
1536
1519
1210
1099
1775
1652
1279
464
1077
1229
283
668
1980
621
384
390
828
178
1426
1489
1149
26
1000
280
1315
1056
232
964
1232
423
771
1434
549
487
1141
57
1161
790
812
524
1397
342
139
890
932
725
948
954
741
1010
1164
813
1079
1485
4
1409
1692
1234
730
1509
1004
809
1516
1184
1343
128
551
1052
1295
894
374
184
96
399
470
872
1387
653
1405
671
469
1332
919
548
455
1207
745
1314
1424
428
149
1319
617
772
1542
348
1262
1736
1243
1011
707
293
74
994
755
204
102
807
648
1636
1053
1026
262
1076
1703
1817
920
606
1236
124
258
1967
569
1505
1627
1628
252
42
938
1886
329
1013
1901
893
1238
1087
1702
1744
393
752
774
803
197
72
1804
1899
54
1175
1546
407
960
1837
853
784
592
173
43
1581
1195
634
1890
662
1040
949
495
868
1258
1527
415
1358
1605
595
5
93
1672
723
783
278
1160
107
852
1378
685
1215
1072
1345
1339
17
773
1811
1162
1448
1129
866
1213
1197
627
1985
1370
1697
1093
282
1930
743
1510
1622
1548
1413
1464
1488
1574
571
1347
1208
1390
644
1285
694
1584
332
906
426
802
1008
601
164
193
236
167
209
922
1547
94
1025
1792
856
168
1225
198
587
631
56
212
696
748
864
847
1069
1353
480
1223
871
750
1304
1186
1618
337
154
684
508
640
1323
959
879
1779
691
418
1609
359
578
1423
907
682
44
1003
1089
146
1500
1582
1953
1344
1364
972
1549
589
1059
136
1558
489
45
1482
75
1521
1125
1088
735
1404
226
1146
1411
180
961
313
279
181
1797
1502
286
1576
996
687
623
1406
1730
976
1163
861
602
827
2026
1463
1836
1850
1470
105
288
1355
652
1780
474
731
112
1120
1831
1320
1570
1095
764
1589
766
1333
795
703
416
1634
943
991
797
478
1679
1997
1177
674
1388
1116
1773
160
1190
1490
265
2024
377
1235
493
1173
1274
709
322
1415
1260
1769
780
1265
1230
729
1451
1206
1931
410
1883
217
977
1776
1307
88
1061
655
599
1689
1133
457
1684
216
334
506
1711
1514
740
1090
219
1123
403
1416
1598
804
974
1436
1897
89
1681
331
878
937
346
1670
942
1209
516
1429
577
1199
441
885
176
651
1784
1626
672
833
412
1637
1487
1641
862
385
901
1109
1126
1080
580
1098
244
1138
63
1275
122
1567
1179
939
1858
448
1491
215
437
710
1898
1741
1818
860
818
754
884
1194
869
294
413
1427
1918
511
625
1027
1408
1939
309
400
1486
567
1306
147
677
921
720
1152
315
1916
845
1014
1986
300
641
2035
1565
1507
1461
312
1316
1453
1674
1287
1402
722
370
988
98
612
608
1361
1920
765
903
91
1686
141
1094
1282
1085
142
1691
1309
542
1638
1556
1856
1724
1362
1940
1447
1176
539
1673
2003
1676
1593
1083
1328
0
1513
1668
1727
471
59
104
999
1572
1855
962
1393
1255
1242
1395
177
1431
1204
1363
1944
758
1910
1349
1551
846
191
189
210
1656
1051
1329
909
637
793
425
1070
1188
1148
1465
805
1867
140
231
778
936
1503
1785
667
1946
503
1717
442
1555
108
1264
1263
1923
1154
1216
1860
481
1859
1893
598
1399
1492
1019
1428
2002
1494
1220
218
229
492
1330
1771
891
541
1844
763
1400
1414
1145
203
636
1460
530
237
973
382
736
1237
1871
1341
1121
1157
1790
1559
822
482
302
519
1296
1342
556
1338
1147
1666
897
1822
1981
1102
383
1965
1340
1525
1224
1708
135
1107
1580
1566
1705
1924
670
1728
1032
777
1062
1321
1864
366
767
1561
1839
1524
1104
183
1182
1760
1783
544
1714
235
989
1380
913
339
1458
711
406
1038
1440
1533
683
1544
1996
1698
1441
1022
269
737
1849
1870
1815
1322
1854
1861
1346
239
1303
1891
1005
1989
1604
1100
546
1002
665
1739
929
1437
1058
82
1639
1394
1579
887
341
979
1657
2014
1515
1571
2040
1881
1523
41
966
1273
552
1185
842
609
1968
1758
1642
645
1452
1326
1726
1302
1972
649
1276
1064
1707
1695
40
1765
1915
1398
1337
555
1820
1267
1979
1065
1615
815
1812
254
375
663
18
791
1075
1902
1498
2011
718
340
1592
350
387
1962
1446
1499
1112
1575
952
659
1136
1539
799
307
614
462
49
267
1573
1709
1809
998
782
550
1172
427
794
1984
1543
874
1293
1852
1108
8
1035
1171
1665
1819
1882
461
1271
201
1518
1735
2036
391
1806
1616
1041
1300
145
1193
1310
1454
1073
1420
554
2028
947
2016
1607
1971
1212
1476
657
1746
1057
1791
1611
1896
1959
1688
1995
603
596
148
1925
1945
1401
1833
1189
476
1198
1748
31
553
875
622
753
1757
1825
1663
1143
1257
1832
1682
1914
486
1034
1654
1577
537
1501
445
877
460
888
1103
2048
953
738
967
762
1606
1550
137
1763
527
789
1632
379
1617
1403
1007
1821
9
242
1495
1033
1101
1740
1270
792
1272
850
1119
1895
281
1292
1620
933
686
1074
798
1614
1922
873
371
727
1802
1496
768
1655
1385
1853
1662
174
1907
465
1767
1532
1037
1722
611
1439
1290
1286
1671
2046
1132
1016
796
739
2038
19
1018
1597
526
1828
1511
1054
310
1894
956
1651
1937
1373
1921
732
886
1384
1348
1477
1823
985
1661
916
1596
2034
430
27
2018
1633
1029
1376
838
1020
1331
1055
1015
586
1114
2043
1660
330
1371
1419
1280
118
724
626
1178
1396
1756
927
726
444
946
360
368
1150
220
520
1562
1877
1718
36
638
1444
1650
138
579
1911
1999
1245
1903
1838
1165
721
1942
1841
1538
169
1992
1873
1268
1425
1540
2013
1952
1134
505
1277
955
1970
1205
1761
2032
588
997
1623
1941
1795
1807
1457
1908
1801
570
1843
1991
1956
2058
2037
1588
2022
1958
733
1643
12
1649
816
1983
454
2004
1063
1993
115
533
1432
1723
1710
1144
1715
1017
1379
1244
1827
2055
1602
2020
1535
1704
2012
1976
1699
260
619
1904
76
404
452
440
881
1600
1934
397
1876
473
995
821
1474
1951
968
1835
1612
865
1957
1978
1745
849
605
1473
1772
1796
1975
179
1377
704
90
1768
1644
1417
1742
1781
1847
2019
642
479
1866
1386
1233
1750
1885
205
523
1228
1848
912
1640
1024
1036
706
859
101
1813
1214
800
660
1594
1990
1798
1530
402
1159
1291
882
1135
1201
728
1124
904
1128
1478
2039
1028
1933
1777
1889
1111
1624
1526
1430
131
272
1541
1900
1719
52
1254
934
970
1955
607
1675
1168
1468
699
2057
2054
1862
398
1926
2049
1857
284
1418
1954
1284
1528
830
957
978
1766
449
1030
1583
1130
1845
1716
566
756
522
971
1888
831
1520
747
1180
67
2030
1678
1683
1782
1475
1677
1422
2008
582
781
433
1586
1091
1810
213
1892
1747
573
1729
363
159
1001
1312
1687
545
1435
965
326
316
291
1929
918
58
1788
2033
1585
1961
1391
509
1383
1977
1774
1960
911
1690
1050
1743
701
1851
1752
1749
1789
1298
1949
529
1529
238
1031
2052
2027
1043
1887
1998
673
1880
1680
1969
1445
1084
1932
902
1249
840
1787
1375
1240
1762
1927
1047
1211
270
308
1842
1354
1700
2007
1805
1629
1755
1653
224
1110
392
1166
338
2025
590
2031
914
2029
1664
1455
1248
1973
1994
1578
558
1281
787
1545
1153
1947
987
540
1658
1221
2056
940
1512
2044
1289
1480
1456
396
1484
993
1359
1151
1936
819
1987
746
1599
917
1118
1829
1382
65
2050
247
1645
2053
2001
1630
1301
1086
2021
1619
1793
969
1170
50
1283
1360
1905
324
1471
1067
1122
1919
1324
1701
1590
843
1846
1875
1974
1082
1534
447
1155
1988
1367
1786
303
1816
1068
854
1557
1659
1601
1081
1884
414
1569
1865
1297
1938
1840
1374
289
2042
25
277
1239
1874
1778
844
983
485
661
1706
2006
1950
1563
1963
1713
1318
1803
583
233
708
1140
1042
1613
1421
372
1733
1350
1693
256
1553
1770
1635
1568
2010
1754
1045
1610
1251
2023
857
1800
1863
1764
1909
1449
837
2009
1913
2041
1943
333
71
1247
1799
2000
1443
1720
1964
963
321
1928
32
1737
1721
1368
1479
695
1648
475
1794
1834
1139
786
1948
1587
347
1631
2047
1537
1554
1335
1808
1481
1564
2051
2045
388
1966
1191
1560
715
484
1372
1231
1357
1731
504
1183
456
713
574
1647
1872
1356
1694
1935
618
1
1483
1732
1725
742
1313
1169
1595
676
1438
681
1669
1917
1621
749
1814
635
2017
97
1412
2059
680
1531
1982
734
1442
1685
679
1878
1830
1734
214
1369
1250
409
143
910
811
2015
1603
1078
1868
1060
1869
271
1459
292
1906
1879
1241
1912
2005
227
1738
