152
68
29
261
70
194
129
110
801
35
401
438
123
364
21
249
246
299
357
158
127
120
700
594
185
10
517
46
365
565
559
190
275
228
690
202
395
172
836
66
192
253
37
497
47
6
207
688
349
814
432
86
22
408
99
515
439
528
867
195
187
1097
930
125
20
900
534
103
153
1181
61
241
80
615
510
15
317
311
126
443
848
389
560
156
319
95
1552
600
678
38
171
757
1252
500
221
585
905
64
318
689
245
1046
250
646
491
188
345
351
779
369
1278
597
770
702
654
512
775
1467
562
186
958
477
421
335
1299
240
69
1113
358
488
935
981
576
211
109
151
417
199
420
712
620
34
693
751
344
116
325
593
647
630
760
182
1294
85
380
895
264
33
870
716
951
362
343
839
463
251
514
656
1192
100
591
166
669
584
472
16
77
650
986
490
538
132
744
83
535
424
1222
632
155
1021
1071
1115
434
633
769
613
467
502
62
336
165
466
1127
788
1256
1504
1246
121
150
990
450
206
405
2
304
1227
78
1049
923
394
1352
243
604
130
1407
367
564
1137
119
274
1266
532
28
698
858
301
1009
53
328
628
134
824
133
1203
1006
314
3
1288
1105
39
1044
113
170
1261
1591
664
820
1092
356
776
225
639
832
1106
1433
950
1508
435
1712
915
376
259
941
543
268
629
928
1472
60
761
458
298
1142
162
305
1167
200
429
263
106
568
494
436
1174
855
381
496
984
14
616
834
81
248
926
561
13
1325
980
451
1381
808
208
1217
823
1048
880
1218
892
157
931
705
353
327
55
87
7
825
23
1269
295
1158
810
411
354
521
453
276
48
908
829
1826
1311
144
320
24
945
30
982
863
899
1219
1117
1517
714
525
759
1308
806
692
1066
1156
1522
114
817
1200
287
518
419
1759
575
255
84
658
111
992
1410
1389
1497
273
306
924
161
422
1023
196
459
557
896
1317
257
719
373
513
79
222
841
1259
92
883
355
483
234
666
266
446
610
296
1012
1365
898
431
1187
