1086
191
900
542
196
26
339
212
842
173
167
307
380
435
164
460
1408
129
563
855
163
1396
1144
355
629
732
752
836
1641
207
1068
346
737
820
1498
53
97
106
388
724
962
335
24
215
924
68
626
719
1156
16
1524
2
6
69
379
1161
221
267
369
838
151
269
452
458
936
1355
326
799
77
5
310
1016
1087
1251
1801
54
283
1083
323
944
1380
416
565
73
142
306
447
760
824
1147
36
597
844
1036
1058
3
168
767
1947
0
451
1168
1489
186
241
913
251
1512
41
483
861
468
920
947
396
1390
273
1460
434
721
1650
1344
389
442
854
919
655
700
489
636
1065
1296
67
351
635
853
1297
1419
1743
152
472
982
1096
1249
1554
1716
66
312
1965
33
160
540
1121
1325
340
378
578
740
742
930
1729
272
363
374
598
1012
1525
253
282
487
595
633
901
292
641
707
973
1455
1564
303
361
648
811
1298
63
382
728
875
1565
1701
74
158
300
441
519
762
763
821
837
940
1163
1385
1620
1677
1745
1795
154
673
966
1279
85
118
128
266
281
427
438
612
651
663
696
851
1365
606
769
499
621
1098
1348
156
243
909
991
1043
1362
1698
171
276
682
690
735
816
931
2009
4
9
278
1437
1948
83
135
214
342
526
687
1018
1269
86
315
321
386
564
585
959
974
1060
1111
1177
48
790
990
1696
535
744
908
1020
1057
1088
1117
1449
1589
1612
22
284
314
336
462
632
692
1029
1225
1378
1579
1593
175
226
993
1176
1466
1521
1528
161
358
466
508
736
766
778
883
1066
1110
44
224
711
996
1217
2271
359
373
463
491
549
561
1435
130
522
555
611
860
970
1610
1737
20
76
219
426
528
584
759
809
814
992
1141
1182
1421
1592
1691
1963
87
89
98
232
280
806
1034
1082
1084
1109
1493
1595
1771
1846
1850
1991
2018
181
197
248
474
818
889
912
955
1197
1288
1977
146
165
551
676
755
777
876
1505
1668
1738
445
525
533
589
628
640
849
1149
1272
1290
1427
1629
1740
170
329
405
516
647
843
1006
1048
1138
1412
1606
1773
1817
32
176
178
217
366
429
511
934
1008
1107
1172
1211
1559
1663
1826
2051
111
183
588
670
761
1395
1494
1587
1603
1952
114
375
450
506
681
1215
1575
1767
2080
2117
134
153
444
614
800
847
898
918
942
1013
1023
1533
1746
109
166
242
290
308
352
568
602
662
965
1351
91
126
194
404
413
521
527
684
1246
1323
1330
1497
1546
1561
1728
1848
1859
2142
