51
203
244
313
385
410
419
457
591
822
1002
1022
1100
1106
1167
1180
1200
1876
2023
2091
289
485
892
925
997
1140
1221
1369
1376
1393
1536
1726
1996
247
357
387
395
401
479
576
600
646
664
748
801
825
839
850
976
1000
1159
1199
1227
1429
1822
1865
1994
2032
131
188
230
250
524
552
725
747
856
911
915
1205
1507
1643
1658
1689
1772
2033
7
64
422
538
650
968
1063
1148
1424
1513
1527
1640
1860
1915
2147
149
216
328
433
482
639
657
713
716
722
746
772
786
1027
1128
1600
1704
1992
2190
113
115
200
338
530
537
550
873
888
932
1024
1116
1130
1403
1625
1645
1661
1736
1892
2036
2082
2230
210
254
495
560
668
791
817
933
994
1234
1309
1468
1653
1945
49
56
162
187
245
268
295
332
569
644
686
703
857
899
951
999
1074
1104
1326
1602
1785
1847
1863
1868
1980
2038
2099
2250
140
227
344
430
603
620
665
691
730
826
1085
1160
1187
1204
1237
1262
1311
1368
1483
1684
1857
1889
1917
1929
136
144
225
262
436
574
616
749
788
987
1039
1152
1190
1226
1366
1922
88
95
99
122
123
205
222
478
649
677
863
893
941
945
946
975
1099
1186
1189
1196
1329
1496
1500
1518
1900
1946
1982
2024
2039
2052
28
145
235
287
449
590
642
674
754
835
891
1090
1097
1119
1129
1164
1283
1284
1333
1361
1713
1873
1883
1935
1957
2213
13
42
147
193
204
257
288
412
423
493
583
717
718
720
804
1038
1339
1417
1436
1453
1456
1573
1618
1651
1761
1787
1819
1884
1993
2240
2303
180
195
372
392
407
484
486
505
785
885
1050
1136
1313
1349
1384
1457
1511
1604
1679
1708
1913
1924
1978
2001
2012
2125
275
384
399
497
536
654
689
793
823
841
1045
1108
1113
1264
1307
1409
1517
1582
1777
1829
1988
2011
2017
2255
38
258
432
546
608
702
743
756
887
1025
1151
1218
1223
1548
1616
1718
1758
1766
40
92
137
185
218
311
317
415
532
545
840
872
923
980
1150
1353
1406
1464
1503
1508
1578
1741
1934
1944
1981
2083
19
93
184
201
236
279
353
418
618
972
1054
1076
1169
1193
1222
1229
1303
1357
1370
1442
1529
1545
1588
1639
1646
1699
1797
1838
1839
1932
1950
1951
2004
2180
2216
2260
2287
18
270
324
421
498
567
776
1240
1247
1434
1515
1516
1526
1584
1638
1710
1747
1937
2064
2105
2314
12
35
117
211
316
408
411
425
440
512
543
573
656
765
783
833
910
967
1042
1093
1208
1209
1228
1257
1275
1294
1490
1555
1642
1693
1806
1855
1943
2075
2168
2171
2187
2300
2356
58
101
104
237
256
490
572
753
764
803
808
897
914
1007
1009
1052
1089
1118
1145
1293
1310
1411
1462
1470
1624
1837
1969
1972
2069
2227
46
57
318
443
601
697
770
802
870
917
922
1114
1281
1314
1401
1431
1479
1568
1607
1613
1675
1748
1918
2044
2073
2155
2197
2220
96
127
157
320
331
354
406
417
420
437
454
471
480
570
582
666
672
729
848
877
937
1019
1071
1073
1133
1139
1154
1166
1171
1175
1192
1308
1318
1328
1335
1342
1345
1387
1452
1484
1510
1531
1535
1601
1637
1676
1753
1805
1810
1845
2005
2027
2065
2087
2089
2133
2233
2372
2381
10
246
255
286
446
520
531
652
726
828
862
928
995
1031
1056
1183
1188
1210
1273
1320
1336
1341
1363
1374
1399
1478
1672
1690
1703
1809
1861
1930
1967
1986
1990
1999
2020
2056
2128
2170
2232
2254
2316
27
34
45
116
198
298
347
362
492
503
630
643
678
701
727
773
797
852
884
886
950
1011
1101
1120
1153
1198
1266
1331
1416
1471
1547
1596
1648
1779
1836
2043
2148
2206
2217
2222
2229
2278
2286
2371
2374
71
103
110
172
190
259
294
309
334
371
376
448
461
539
695
706
781
882
927
960
978
988
1003
1032
1035
1077
1137
1191
1216
1244
1492
1530
1628
1979
2040
2149
2167
2211
43
72
82
155
348
509
579
694
733
741
784
868
1123
1125
1146
1158
1162
1202
1214
1263
1383
1402
1539
1563
1752
1768
1769
1869
1875
1891
1901
2174
2293
2306
2386
30
59
79
100
119
169
182
189
240
261
592
669
795
874
880
881
929
948
956
963
1072
1081
1091
1094
1142
1195
1245
1327
1381
1446
1451
1499
1532
1538
1551
1557
1562
1627
1711
1782
1813
1815
1854
1877
1940
2019
2022
2031
2086
2107
2110
2165
2247
2285
17
192
264
304
365
455
514
562
622
688
864
926
938
957
1010
1030
1070
1122
1132
1173
1184
1235
1423
1445
1487
1599
1683
1807
1862
1872
1881
1890
1974
1997
2048
2053
2062
2100
2164
2191
2252
21
31
208
229
239
274
327
368
470
515
548
596
613
661
792
794
834
858
867
943
979
1037
1127
1321
1360
1447
1458
1488
1556
1569
1634
1666
1692
1732
1756
1764
1776
1786
1802
1818
1953
2002
2076
2178
2204
2290
2299
2317
2320
2330
2349
102
132
141
299
370
403
477
566
577
615
710
805
815
866
879
907
981
1015
1274
1276
1278
1358
1386
1394
1428
1430
1433
1581
1594
1654
1655
1665
1727
1770
1798
1896
1907
1949
1985
2093
2108
2131
2134
2166
2219
2288
2301
2343
2355
2359
2397
25
29
133
398
473
500
502
659
667
775
796
827
890
952
1075
1102
1103
1174
1207
1261
1286
1343
1443
1652
1700
1780
1812
1905
1912
2054
2123
2195
2279
14
78
124
202
209
291
296
356
397
414
513
517
518
575
624
625
638
705
757
779
782
906
954
971
977
998
1014
1053
1069
1105
1155
1181
1315
1319
1340
1377
1388
1407
1444
1480
1520
1570
1576
1590
1626
1686
1709
1715
1750
1793
1820
1821
1856
1921
1927
1959
1962
1964
2084
2106
2126
2129
2138
2140
2172
2182
2185
2203
2249
2257
2259
2348
2352
2365
84
159
252
265
349
367
391
394
547
553
554
593
660
969
1135
1179
1213
1230
1280
1312
1324
1332
1414
1567
1574
1611
1656
1662
1678
1682
1695
1712
1803
1816
1885
1958
1976
1998
2007
2045
2050
2072
2081
2101
2121
2144
2151
2184
2212
2241
2244
2291
2341
2370
2379
2391
65
120
350
360
431
464
476
544
610
623
634
698
771
869
949
986
1040
1047
1131
1134
1239
1267
1291
1301
1415
1418
1463
1476
1544
1644
1694
1781
1783
1792
1824
1843
1853
1886
1895
1903
2029
2067
2094
2113
2146
2153
2199
2228
2326
2345
2366
2413
39
47
52
234
263
322
333
504
523
534
604
631
896
916
984
1112
1203
1252
1304
1389
1425
1432
1438
1523
1540
1541
1585
1586
1632
1647
1687
1706
1714
1717
1720
1789
1832
1841
1887
1984
2003
2103
2115
2357
2358
2392
55
174
199
301
319
377
494
1126
1219
1256
1258
1265
1282
1306
1359
1382
1482
1504
1667
1830
1834
1835
1879
1960
2026
2071
2111
2120
2169
2183
2270
2295
2340
11
60
75
105
121
143
179
297
325
529
617
627
637
704
708
731
745
768
829
831
832
859
878
935
1033
1041
1062
1092
1165
1212
1231
1242
1254
1259
1346
1352
1367
1400
1404
1439
1459
1461
1465
1475
1495
1514
1542
1543
1552
1571
1591
1614
1615
1621
1630
1664
1702
1707
1725
1731
1733
1784
1828
1844
1931
1939
1941
1968
1975
2000
2116
2156
2175
2179
2209
2215
2236
2243
2245
2246
2274
2305
2323
2338
2368
23
108
112
223
293
364
383
469
501
507
557
645
653
683
903
904
964
1004
1017
1049
1080
1185
1392
1405
1410
1420
1502
1558
1560
1609
1685
1749
1757
1791
1825
1833
1852
1874
1893
1908
1928
1936
1956
2034
2059
2061
2078
2189
2202
2237
2262
2272
2277
2297
2319
2404
213
238
337
510
559
594
787
902
905
1005
1379
1534
1566
1649
1670
1735
1742
1778
1897
1911
1973
2152
2198
2275
2280
2304
2310
2311
2315
2342
2361
1
50
271
381
475
558
780
961
1051
1078
1095
1241
1270
1287
1289
1334
1426
1441
1669
1697
1734
1759
1775
1842
1933
1955
1970
2077
2095
2097
2132
2136
2145
2150
2231
2258
2266
2337
2373
2383
61
148
177
465
488
789
871
1046
1055
1115
1178
1373
1450
1501
1623
1680
1724
1754
1788
1880
1894
1902
2008
2074
2096
2176
2221
2263
2294
2329
2335
2410
2415
90
206
220
228
233
439
453
556
580
607
609
658
679
685
693
709
714
715
739
751
798
810
819
894
895
958
1026
1079
1170
1233
1292
1299
1317
1338
1364
1391
1454
1469
1472
1522
1537
1583
1635
1673
1674
1730
1751
1765
1790
1794
1800
1811
1823
1866
1888
1898
1904
1914
1983
1995
2028
2042
2046
2049
2060
2090
2102
2124
2130
2154
2173
2177
2186
2207
2238
2239
2273
2284
2292
2302
2307
2308
2332
2336
2351
2353
2354
2360
2369
2376
2377
2405
2414
2422
2424
70
81
139
249
285
302
400
424
734
750
1067
1124
1268
1302
1305
1316
1347
1467
1477
1506
1577
1657
1723
1744
1849
1858
1867
1871
1942
2010
2088
2112
2114
2119
2137
2158
2188
2193
2256
2269
2313
2325
2331
2363
2387
2394
2400
8
305
390
680
712
830
865
1028
1059
1206
1337
1354
1356
1372
1375
1413
1473
1474
1481
1597
1608
1739
1774
1851
1926
2021
2025
2068
2104
2163
2214
2225
2268
2289
2344
2364
2382
2384
2389
2416
62
94
125
330
343
459
723
1001
1143
1485
1633
1681
1799
1870
1920
1961
2035
2085
2127
2141
2201
2276
2298
2426
15
571
619
813
846
983
1243
1260
1300
1509
1519
1721
1762
1763
1804
1827
2030
2037
2070
2192
2218
2322
2430
2436
231
277
341
345
402
467
481
541
812
921
1021
1064
1157
1194
1201
1248
1295
1398
1440
1486
1622
1659
1671
1796
1808
1831
1906
1919
1925
1987
1989
2016
2047
2079
2098
2118
2135
2143
2181
2194
2200
2242
2264
2267
2318
2321
2324
2346
2347
2375
2380
2395
2396
2403
2412
2419
2420
2421
2425
260
393
581
605
671
939
1061
1220
1255
1549
1550
1553
1636
1719
1966
2013
2055
2092
2139
2160
2205
2226
2234
2283
2309
2399
2408
2432
2442
409
496
599
675
1232
1238
1253
1277
1580
1722
1755
1864
1878
1882
2006
2041
2063
2109
2223
2251
2327
2328
2334
2339
2406
2423
2440
37
80
107
150
456
586
1224
1250
1598
1688
1899
1938
2014
2122
2159
2162
2253
2333
2362
428
845
985
1236
1422
1660
1971
2161
2210
2312
2350
2390
2439
699
758
989
1044
1350
1371
1448
1617
1619
1705
1760
1840
1909
2015
2058
2066
2157
2196
2248
2261
2281
2282
2296
2367
2378
2385
2388
2398
2401
2407
2418
2429
2435
2437
2438
2443
2445
2446
1814
1910
2224
2265
2402
2409
2411
2431
2441
138
774
807
1285
1322
1397
1572
1923
738
1916
1954
2235
2447
587
953
1631
2417
2434
1271
1605
2057
2208
2393
2427
2428
2444
1491
2433
