26
27
25
505
0
72
43
3
414
594
2
504
2602
640
1
5932
384
5527
1915
3406
17
1390
24
324
341
603
1620
596
339
64
1515
4793
976
347
385
457
7429
923
1979
2453
335
926
18
345
1888
946
78
281
646
527
5170
944
876
5629
7386
1395
2798
1434
5934
35
5217
590
37
1208
1176
1997
312
3942
444
1541
1046
1533
270
998
2169
76
13549
1050
1203
2432
303
5717
438
2519
2195
3949
1394
20745
8892
1479
2470
4726
38
959
3735
2263
8221
327
526
1105
11641
599
604
2805
310
16
21901
33
7209
321
42
1076
981
5255
1945
3504
2886
8682
2454
10382
100
11554
5636
9972
1120
60
1505
2861
3398
1377
25795
2192
39
96
517
1507
587
5920
5687
2273
47
4017
9
1353
342
557
5085
5089
1898
2568
12579
51
4790
12144
645
5514
508
602
5632
66
29
12688
3952
1994
918
1225
1594
8536
489
927
1402
572
4244
26865
1169
21548
4
502
1174
16410
3988
32
271
2018
4532
56
5605
8751
893
2196
1669
10655
2292
8341
4012
337
1102
7382
9307
25898
878
1589
1843
3308
5219
12906
3910
5870
9480
570
12578
1157
1715
3867
5230
2057
4896
1531
2601
9598
2455
3921
492
1051
2052
1552
2574
330
2766
2853
536
1111
2910
4211
18866
1087
7345
34
58
5641
5937
3945
4510
17124
514
1206
4747
1041
3872
4595
13448
17765
17766
551
924
12956
63
506
1040
2060
8076
1585
11576
889
1275
1889
2622
3747
3840
9065
2581
3522
328
1094
1640
9772
57
7561
15856
12662
1936
2155
2598
6243
1392
1494
529
3411
52
5606
5905
904
1967
1109
1909
2606
1189
3259
333
1302
11891
12062
14508
14743
17244
429
4945
7351
8705
12022
922
2918
10227
196
2280
3435
45
475
936
1089
1230
2322
2608
5165
6999
17479
978
1461
446
562
985
2252
2573
4190
17064
17416
20941
316
1443
8234
8426
9411
22597
23
1185
593
907
4258
2285
2821
931
4794
5125
7702
8518
897
2897
5218
10211
24594
454
1131
1154
1177
3927
9878
2296
2384
4897
16098
326
901
2664
5820
18797
320
1529
5775
7221
331
519
1178
1200
1586
1762
4617
4711
5228
6209
13843
956
1558
2643
2810
5856
17202
19
1413
1905
1937
4841
581
910
934
951
1760
2125
3024
26063
1396
2383
3697
5177
7757
318
683
5776
7817
7937
74
334
891
898
1117
1415
1835
1907
4457
7319
8953
319
1134
1168
2041
2331
2899
4529
9398
14647
79
336
1964
7035
7401
8830
1557
2050
4297
5473
6996
10314
448
509
1381
2536
2769
2908
3404
4716
7379
522
1382
1465
2593
8745
1143
1267
1520
1919
2190
4022
7447
8279
8760
2291
3464
3919
9991
4016
5914
7932
511
871
1104
1280
1501
1582
1836
2348
5623
6924
7433
9131
23112
36
290
2900
9319
19966
925
949
1946
1998
3414
4351
4574
5863
21762
493
1826
2614
4378
16202
884
1002
2550
10985
20858
465
516
3871
5053
344
461
547
1870
2346
2395
3250
4070
4443
4727
5236
13567
21065
1740
3947
4702
5171
5343
7168
10232
18075
584
1930
2901
4838
5486
20583
980
2422
4725
6026
6097
7405
7833
12878
10
274
323
501
3071
5631
7348
7776
11852
886
1868
2388
3786
4728
7046
12304
13759
6
507
1202
2564
2592
3876
5644
5650
6051
7275
13770
451
1173
1844
3818
3957
4822
5630
5683
6583
7924
13609
24569
1158
1387
2098
3495
4805
5342
5491
7424
14634
19977
20479
567
1901
2443
2680
5600
5637
2037
3883
5011
6696
18660
491
554
989
1026
1407
1660
2289
3276
5348
5908
7910
18110
18153
25026
906
1044
1538
1931
2288
2355
5309
6649
26829
354
1022
1127
1849
2061
2565
3320
11708
12122
13439
29916
1138
2504
3739
3809
3930
4310
4892
5933
5944
8671
8905
13224
19488
28
1496
1591
2156
3065
3812
11125
18992
565
881
943
1320
1513
1565
1567
2001
2337
2429
2758
3129
3235
4002
9132
10174
13721
452
2329
2678
3862
6461
10620
14301
55
543
1162
1890
2051
2545
2814
6387
6613
9635
13032
15718
515
523
1207
1530
1913
4127
5031
6011
7944
8996
13705
455
503
1078
1891
2300
3937
3976
8742
8792
11023
1021
1497
1880
2004
2159
3048
12000
12399
18840
445
544
600
1346
2415
2604
2775
3905
3906
5162
5906
7666
8187
11977
20008
20025
28720
974
1986
1995
2333
2449
2456
3403
3813
4256
4714
5757
7549
7839
7952
13225
17246
13
521
1182
1722
4084
4787
6069
6582
7197
10728
15235
930
1028
1700
1862
2924
3400
3852
3909
3923
3975
3998
4117
5417
5929
6395
7672
8761
11910
17690
22956
1274
1398
2185
2631
4188
4250
6448
6591
7305
11788
12025
15165
490
559
595
2562
3151
3315
3746
3856
3999
4330
4732
6333
6489
7715
8854
9061
11628
12782
13823
27643
348
437
1400
1506
2738
2928
3790
3793
3875
3970
5285
5952
7148
7245
7306
17255
23291
848
957
1133
1165
1845
1925
3263
3805
5918
9602
10659
11650
13139
18757
21122
102
1100
1126
1689
1887
1939
2749
3409
3981
4736
4919
5921
8431
14360
14730
14997
19978
20113
20507
54
349
409
621
1431
2889
4831
5250
5825
6456
9077
13884
22061
22579
23781
27638
383
525
868
1345
1473
1686
1741
2659
2666
3188
3246
4025
7162
8082
8328
9533
14411
15237
15241
15341
16340
16793
16919
70
298
442
459
588
887
913
1379
2011
2404
2624
2694
4068
5807
5963
7321
7508
8112
8615
9914
12041
14711
17418
18888
20449
26761
443
896
1522
1970
1972
2164
2692
4168
4560
5815
6381
7513
8038
8282
8608
11262
13777
15752
59
69
549
866
1167
1380
1663
1848
1989
1999
2022
2323
2332
2569
3718
3911
4193
4594
4599
4986
5071
5300
5939
7042
7559
8770
9938
12567
15245
15438
24280
49
510
1075
1090
1670
1858
2126
2633
2812
2914
4165
4920
4989
5318
5422
8309
8901
10961
14012
817
1123
1435
2282
2283
2328
2718
4215
4549
4760
5009
5676
7353
7535
7962
10299
13911
14755
15353
17734
26611
28003
371
382
449
487
862
919
920
1218
1553
1569
1938
2634
3032
3828
3916
5283
6064
6733
8373
8826
10270
12818
12965
13938
15759
22805
27568
291
1037
1242
1974
2181
2290
2686
5907
6073
7428
7432
7552
9043
12840
14362
17722
19026
23253
27003
388
877
1005
1181
1191
2030
2667
2726
3913
4662
4674
4906
4943
5835
6244
6630
6735
7473
7939
8537
8706
9983
10540
12141
13758
14222
16983
17086
21450
22038
7
561
996
1015
1080
1403
1414
1555
1732
1897
1935
2006
2535
2799
3755
4221
4612
4729
4917
5560
5977
6195
6246
7008
7417
7684
7762
9265
27391
27719
73
255
357
781
1170
1386
3329
3340
3571
5226
6050
6146
6851
7596
7953
8291
8922
10676
11979
13375
13563
13918
15081
17083
23671
288
317
586
1031
1101
1106
1252
1261
1547
1688
1902
2231
2294
3740
3915
3989
4606
4757
4988
5074
5704
5747
5864
6738
7480
8109
8540
8722
8767
10543
12315
15343
17257
20012
26204
1378
1934
2194
2446
2451
2642
3293
3878
3902
3939
4123
4151
4154
4345
4352
4364
4792
6912
7341
7347
7439
7857
7915
8227
8709
9527
10102
11480
11487
12309
13640
14737
15795
22808
23232
25188
27383
353
899
1463
1590
1612
2094
2310
3423
3753
3847
4318
4379
4759
4791
5256
5662
6782
6847
7007
7039
7263
7446
7548
7582
7667
8050
8156
8703
8948
10629
12373
13910
15344
17712
20777
22643
20
325
430
497
908
1537
2124
2468
3806
3886
3893
4169
4910
5019
5455
5661
5696
5792
7893
8007
8182
8571
10235
10690
13176
15259
15313
15805
17123
27669
734
879
921
1152
1383
1419
1861
2107
2225
2272
2314
3736
4133
4713
5200
5657
6701
6817
6975
7413
8618
8732
8847
9488
9599
11567
12001
12310
12351
13347
18920
19167
20342
22461
27330
168
1036
1071
1088
1199
1272
1543
1616
1788
1790
2112
2447
2560
2760
2852
6370
7048
7393
8190
9047
9308
10926
11309
12427
14358
14965
16433
17991
21358
22105
361
721
865
1070
1221
1229
1668
2010
2165
2757
2783
3021
3038
3287
4083
4160
4683
4779
5923
6392
7100
7384
7496
7545
8485
8559
8755
8937
10047
10892
12850
16226
17247
18869
19280
20300
22460
22929
29948
41
488
1029
1096
1149
1873
2015
2386
2580
2603
2611
3742
4472
5163
5325
5928
6151
8256
9091
9468
12103
13711
13973
15485
16220
21442
23662
119
377
720
890
916
940
1025
1045
1163
1892
2368
3037
3922
4396
4604
4851
4872
5092
5759
5909
5916
5954
6418
6695
6923
7731
8161
8245
10065
10093
11491
12923
14748
15410
16100
16351
17540
18394
20253
494
867
941
1066
1471
1568
1728
1914
2016
2226
2284
2561
2645
2679
2797
3073
3283
3854
4266
4270
4705
4850
5359
5524
5649
5750
6292
6751
7122
8016
8567
8572
9189
9239
9256
10956
13207
13927
14532
16296
16547
16806
17032
18142
18825
21054
24079
27215
46
1074
1576
1627
2201
2242
2385
2571
2619
2968
3971
4242
4598
4715
5278
5339
5931
6703
6743
7462
7804
8078
8160
9646
10115
10167
11029
11699
12228
12756
13671
13767
15741
16481
21195
27576
65
71
111
194
389
395
723
1018
1321
2347
2517
2731
3417
3944
4205
4661
4931
4992
5415
5682
5708
6421
7056
7418
7457
7668
7788
8108
8277
8305
8561
8857
9064
9262
9368
10085
10683
11351
11704
11818
12481
13760
15877
16280
16755
20596
26713
40
535
550
740
984
1043
1180
1629
1727
1900
1987
2630
2826
3514
3762
3943
4030
4327
4458
4692
4724
5010
5017
5116
5541
5707
5773
5821
5919
6300
6388
7009
7173
7212
8153
9188
9467
9469
9653
9763
10345
10697
12680
12762
13441
14357
15053
15622
16212
16759
18302
18798
20297
20339
20971
23435
26880
27684
27871
30
101
314
374
1103
1212
1411
1438
1566
1588
1655
1777
1854
1869
1929
2097
2127
2366
2411
3047
3448
3833
4302
4788
4820
5067
5185
5227
6404
6443
6464
6819
7498
7601
7678
8165
9407
9576
10628
11549
12133
12392
12438
13435
14452
14862
16300
16847
17466
18929
68
892
969
1039
1385
1519
1860
1985
2175
2711
2770
2885
3154
3489
3846
3888
4234
4399
4534
4568
5174
5277
5286
5705
5862
5967
6025
7334
7849
7867
8164
8557
8598
8685
9092
9145
9380
9487
9548
9676
9907
10212
11357
11422
12892
16089
16606
17376
17894
22613
24154
26920
26972
28250
8
21
108
296
305
436
759
808
1006
1112
1160
1356
1874
1940
2055
2377
2459
2728
2884
2896
2940
3355
3752
3827
4710
5110
5253
5304
5727
5799
5892
6384
6485
6933
7600
8171
8489
10656
11164
11592
11630
12127
12801
12902
12915
13672
14237
15381
15606
15754
16136
17344
18664
20280
20635
21739
22304
25621
173
420
500
1352
1544
1750
1851
1906
1924
1926
2563
2772
3759
3816
3877
4118
4162
4926
5612
5681
6576
6952
7051
7406
7501
8149
8556
8694
8831
8923
9506
9550
9627
9716
11784
12038
12969
13075
13832
17912
18196
18703
21681
22022
22060
28548
279
426
667
708
873
1150
1161
1312
1322
1401
1503
1545
1602
1636
1645
2032
2315
2319
2572
2696
2990
4011
4177
4626
4748
4798
4916
5229
5328
5472
6033
6049
6255
6572
6648
7177
7206
7357
7909
8543
9069
9078
9450
9479
10171
10735
10738
11070
11418
11577
11724
11751
12036
12115
12750
17588
18326
20814
21991
22120
468
582
609
1171
1358
1432
1453
1500
1546
1549
1560
1662
1780
1841
2104
2259
2321
2334
2381
2393
2452
2485
2941
3337
4473
4501
5097
5429
5513
6690
6826
7522
7531
7554
7966
8179
8207
8315
8777
9377
9600
10046
11782
12397
12539
12900
13108
13122
13390
13503
13593
14202
14485
16205
17810
17940
20844
23227
25195
27715
469
530
555
843
870
1146
1487
1603
1642
1866
1943
1983
2003
2035
2143
2257
2522
2691
2815
2849
2860
2995
3028
3304
3334
3682
3764
3798
3845
3931
4187
4223
4339
4511
4584
4637
5057
5166
5186
5274
5419
5484
5846
5941
6406
6440
7846
8215
8226
8370
8470
11131
11538
11594
11742
12042
12813
12839
12869
13151
13407
13437
13450
14390
14471
14735
16336
17542
21315
22335
25157
27839
28927
749
917
987
1135
1137
1214
1238
1326
1535
1882
1942
2054
2305
2341
2487
2613
2939
3010
3330
3496
3696
3765
3869
3918
3951
4018
4048
4051
4204
4260
4827
4962
4983
5519
5599
5638
5680
6114
6188
6220
6481
6635
7300
7436
8151
8297
9154
9512
10094
10969
11081
11709
12376
13445
13516
13775
14740
14933
15851
16077
17084
18640
18922
19965
24952
25018
25048
25261
25972
27445
77
195
574
579
928
939
967
1099
1125
1141
1488
1580
1605
1664
1867
1885
1981
2148
2158
2297
2433
2640
2687
2705
2713
2838
2880
3128
3397
4175
4235
4245
4294
4317
4350
4803
4928
5390
5663
7412
7516
7543
7602
7699
7991
8105
8436
8468
8538
8698
8883
8941
9297
9979
10305
10444
10664
10930
11324
11658
12043
12306
12395
12405
12735
13772
14545
15110
15345
15457
15583
15664
18963
19318
20954
22990
24804
26122
27204
28530
28727
81
82
686
977
1059
1110
1116
1209
1269
1319
1371
1562
1863
1903
1908
1988
2040
2063
2457
2477
2494
2503
2544
2688
2750
2825
2867
3792
4143
4170
4241
4283
4349
4562
4719
4786
5094
5231
5268
5646
5677
5887
5948
6221
6347
6586
6650
6757
6954
7627
7919
8031
8077
8125
8195
8514
8535
8568
9184
9295
10100
10920
11337
11344
11361
11781
11844
11936
12055
12323
12368
12393
12690
12761
12792
13011
13023
13129
14659
15015
15133
15712
15781
16784
17034
17918
19901
19996
21226
21376
23147
27538
27850
914
1098
1107
1144
1604
1624
1816
1980
2033
2034
2261
2318
2342
2734
2779
3589
3737
3995
4252
4341
4343
4681
4734
4744
4800
4854
4862
5243
5307
6017
7246
7380
7459
7493
8243
8407
8696
8958
8985
9143
9378
9386
9409
9444
9511
9513
9514
9522
9535
9612
9978
10155
12766
12931
13189
13350
13662
13814
14900
14962
15077
16740
19577
21021
21090
21622
21959
25326
27857
299
405
518
693
824
888
900
973
1156
1271
1350
1430
1525
1911
2239
2267
2268
2325
2403
2589
2722
2791
2882
2904
2909
2975
3484
3657
3715
3925
4191
4485
4487
4678
5016
5082
5355
5647
5814
5816
5885
5968
6390
6710
7199
7231
7349
8229
8244
8427
8566
8569
8748
9116
9215
9400
9793
9930
9988
10240
10612
10627
10912
11652
12316
12476
12524
12901
13464
13474
13978
14096
14201
14203
15258
15490
16632
16796
16822
19305
20683
20947
21914
22148
22488
23652
24858
25756
26734
172
304
583
857
953
1389
1474
1536
1698
1726
1876
2005
2048
2122
2171
2275
2330
2785
2804
3030
3060
3200
3249
3343
3352
3701
3858
3908
3973
3987
4044
4085
4178
4257
4314
4319
4566
4571
4611
4634
4696
4735
4751
4923
4942
5049
5115
5172
5336
5488
5685
5690
6134
6141
6157
6276
6341
6504
6961
7000
7193
7196
8249
8313
8497
8504
8523
8570
8593
8788
8994
9085
9141
9169
9970
9975
10404
10658
10850
10958
11148
11321
11564
11964
12293
12344
12411
12422
12773
13299
13546
14098
14666
15289
16992
16997
17110
18899
19243
19464
21135
21504
21902
22066
22864
22876
23586
23730
25135
26446
26450
26550
29886
98
315
404
450
558
826
828
874
875
911
912
962
1136
1236
1259
1428
1469
1550
1635
1746
1966
1982
2374
2521
2609
2641
2894
2996
3297
3328
3393
3396
3550
3688
3741
3796
3857
3873
3929
4263
4288
4362
4389
4934
4970
5068
5107
5607
5653
5699
5718
5826
5894
5972
6314
6337
6350
6476
6823
6845
6931
6968
7037
7244
7279
7343
7640
7652
7675
7756
8326
8355
8494
8501
8502
8505
8515
8787
8839
8930
9267
9286
9645
10022
10536
10624
11281
11368
11612
11622
11747
11785
12024
12063
12186
12430
12686
13630
14056
14879
15257
15478
15627
18274
18398
18939
18994
20592
20639
22191
23617
23731
26462
26732
27508
27903
394
670
863
1121
1187
1194
1219
1511
1638
1769
2009
2046
2172
2612
2639
2656
2744
2911
3056
3088
3147
3176
3770
4019
4091
4326
4502
4647
4708
4784
4932
5087
5291
5341
5549
5620
5625
5808
5915
5957
6227
6422
6495
6626
6829
7252
7350
7391
7637
7759
8005
8066
8261
8332
8372
8415
8496
8558
8576
8843
9161
9242
9341
9502
9949
9966
10081
10702
10964
11138
11169
12154
12530
12580
12679
12771
13585
14175
14423
15001
15370
15639
15647
15878
16192
16279
16429
16645
16807
16978
17068
17079
17763
18768
20969
22879
23072
24454
25620
26667
29510
50
403
458
480
495
675
821
1003
1211
1239
1491
1958
1984
2027
2028
2086
2177
2258
2316
2391
2530
2752
2921
2988
3005
3036
3232
3261
3385
3505
3523
3749
3819
3851
3855
3896
4009
4166
4494
4853
4877
5100
5410
5584
5622
5627
5634
5922
6016
6247
6299
6600
6673
6815
6818
6945
7163
7217
7388
7400
7622
7781
7850
7969
8001
8074
8083
8199
8257
8312
8495
8510
8511
8516
8517
8539
8890
9134
9271
9284
9464
9470
9862
10040
10203
10309
10533
10638
10689
10881
10887
10919
11017
11682
11771
11947
11969
12648
12732
13221
13478
13680
13886
14558
14606
15144
15421
15668
16022
16435
16461
16495
17302
17674
18564
19223
19289
19882
19920
20000
20482
21323
22158
22515
23989
24829
25005
28395
28753
30646
176
287
392
470
767
883
895
971
1198
1270
1584
1613
1789
1847
1941
2012
2062
2202
2554
2637
2715
2863
3279
3506
3538
4041
4103
4142
4236
4569
4614
4650
4712
4739
4801
5081
5088
5093
5182
5196
5270
5526
5617
5645
5678
5755
5813
5824
5852
6021
6065
6104
6389
6452
6458
6558
6814
6840
7011
7022
7071
7072
7119
7320
7416
7946
8121
8135
8364
8493
8512
8565
8612
8689
8989
9150
9257
9264
9401
9618
9791
9812
10018
10164
10966
11495
11707
11861
12059
12145
12778
12781
12970
13080
13654
13842
14399
14628
15121
15482
16482
16573
17103
17289
17774
17780
18039
18421
20070
20172
20328
20331
21754
22070
22292
22372
23389
24119
25027
25230
25886
26535
28983
29914
80
302
397
402
434
513
1217
1251
1263
1405
1416
1421
1455
1486
1508
1528
1840
1878
2078
2209
2336
2387
2442
2591
2597
2699
2906
2913
2917
3059
3511
3693
3750
3808
3894
4124
4189
4200
4218
4233
4328
4333
4358
4414
4430
4503
4565
4613
4644
4649
4771
4842
4908
4946
4961
5015
5155
5156
5184
5281
5293
5396
6001
6024
6248
6362
6454
6490
6779
6898
6935
6973
6997
7112
7210
7291
7402
7435
7453
8015
8071
8102
8317
8444
8579
8754
8784
8960
9213
9292
9327
9364
9440
9485
9497
9880
9882
9904
9936
9952
10149
10191
10632
11497
11583
12008
12092
12120
12352
12572
12582
13249
13434
13473
13520
13660
13714
15010
15028
15031
15468
15762
16121
16204
16263
16345
16363
16418
17317
17386
17757
18329
18844
20221
20997
21445
23834
24805
25328
25373
25640
25644
27162
292
393
441
617
637
796
1539
1721
1813
1857
2059
2116
2151
2270
2361
2444
2474
2754
2802
2842
2892
2905
2973
2986
3145
3208
3269
3271
3300
3924
3994
4062
4073
4171
4210
4240
4299
4346
4361
4564
4806
4982
5180
5195
5248
5254
5404
5598
5656
5684
5832
5888
5950
6158
6391
6432
6438
6531
6801
6813
6827
6853
7259
7318
7592
7922
7940
7985
8042
8230
8392
8507
9356
9494
9534
9546
9575
9578
9616
9717
9943
10101
10119
10122
10548
10636
10953
10986
11520
11729
11746
11761
11970
12158
12193
12231
12261
12366
12380
12435
12817
12880
12954
13127
13174
13436
15294
15684
15817
15844
15976
15994
16207
16758
16832
17136
17154
17881
18514
20247
20837
21207
21339
22053
22129
22578
22757
22798
23250
24586
25501
27128
28476
29433
273
396
499
880
903
986
1077
1092
1155
1464
1472
1524
1607
1621
1623
1630
1644
1656
1751
1756
1893
1963
2025
2370
2514
2523
2553
2557
2689
2872
3282
3679
3698
3727
3865
3984
4148
4282
4460
4489
4507
4620
4700
4722
4789
4810
4921
5058
5129
5330
5356
5368
5409
5413
5493
5536
5540
5688
5735
5794
5802
5882
5902
5910
6044
6408
6446
6864
6993
7130
7250
7449
7490
7774
7841
7851
8063
8476
8509
8749
8881
9016
9113
9122
9153
9181
9259
9501
9611
10038
10079
10257
10267
10500
10731
11311
11726
11800
11830
11835
12004
12506
12851
12867
13067
13366
13367
13743
13943
13951
13968
14261
14313
15050
15384
15599
15687
15770
15871
16411
16619
16696
16738
16844
16989
17060
17184
17281
17282
18304
18900
18940
19056
19067
19076
19968
20220
20230
20612
21490
22870
23358
23678
23702
23864
24888
25652
25901
27236
27451
28355
400
401
651
663
739
800
864
905
942
958
1085
1095
1268
1282
1534
1877
1959
2002
2130
2142
2219
2338
2464
2584
2662
2780
2800
2895
2942
2962
3016
3227
3255
3296
3311
3407
3444
3743
3861
3920
3946
3965
4291
4301
4321
4359
4468
4496
4523
4535
4550
4645
4737
4832
4861
4967
4971
5013
5030
5038
5154
5202
5207
5290
5327
5628
5721
5728
5951
5994
6047
6127
6149
6190
6236
6321
6343
6449
6450
6652
6708
6746
6887
6983
7053
7063
7204
7267
7294
7308
7331
7344
7419
7426
7427
7491
7556
7579
7633
7717
7803
8000
8095
8159
8185
8435
8450
8500
8607
8611
8824
8898
8916
8929
8993
9227
9604
9617
10189
10400
10435
10657
10709
10962
11005
11238
11614
11710
11906
12040
12187
12324
12384
12671
12811
12859
12894
13154
13209
13235
13383
13406
13514
13716
14372
15147
15645
15705
16078
16101
16261
16558
16621
16648
16677
17232
17294
17909
18320
18623
18848
18890
18897
18948
18993
19097
19102
19582
20180
20826
21126
21440
22065
22341
22365
22664
23000
23092
23307
23314
23357
23597
23874
23967
24349
24608
26401
27079
28603
272
308
368
439
894
909
1012
1063
1215
1264
1299
1388
1499
1556
1771
1799
1824
1973
1993
2000
2235
2240
2382
2396
2426
2516
2677
2763
2954
2980
3011
3342
3350
3459
3539
3543
3776
3789
3961
4057
4059
4337
4340
4353
4366
4388
4445
4490
4504
4669
4746
4883
4904
4938
4980
5014
5048
5111
5139
5192
5264
5334
5758
5761
5797
5969
6059
6717
6824
6890
6914
7005
7156
7176
7191
7239
7387
7430
7431
7941
8062
8086
8169
8184
8188
8191
8438
8503
8585
8625
8693
8762
8859
8957
9095
9157
9263
9349
9367
9443
9460
9528
9630
9680
9784
9861
10042
10068
10077
10306
10364
10415
10454
10598
11240
11371
11416
11510
11787
11833
11882
12182
12206
12229
12638
12643
12727
12767
12803
12943
13401
13561
13588
13706
13736
13820
13881
13932
14015
14349
14445
14713
14753
15122
15376
15378
15629
15973
16107
16174
16281
16623
16831
17082
17727
18455
18878
19492
19615
19897
20206
20853
21726
21939
22359
22632
22650
22881
23558
23572
23582
23974
23978
23980
24027
24515
24863
25253
25361
25758
26214
26744
27017
27971
28045
85
282
571
607
691
954
982
1172
1248
1328
1446
1454
1485
1733
1990
2007
2069
2227
2260
2356
2500
2646
2668
2865
2879
2931
3099
3124
3136
3156
3278
3281
3331
3380
3382
3390
3412
3427
3476
3707
3724
3751
3756
3766
3795
3817
3880
3882
3993
4086
4259
4360
4427
4482
4520
4570
4627
4629
4697
4717
4950
4959
5024
5029
5055
5102
5151
5362
5454
5742
5766
5947
5971
6240
6297
6365
6455
6482
6707
6714
6788
6856
6907
7061
7065
7136
7180
7265
7520
7541
7586
7591
7657
7933
7948
8073
8163
8314
8499
8605
8622
8655
8778
8889
8913
8933
8956
9358
9359
9619
9656
10000
10007
10163
10221
10262
10401
10412
10558
10610
10654
10660
10706
10828
10876
10917
10924
10973
10989
11147
11403
11593
11727
11801
11858
11915
11961
12010
12029
12074
12119
12227
12268
12369
12371
12408
12628
12672
12736
12787
13076
13199
13259
13438
14255
14387
14744
14972
15063
15238
15391
15756
16002
16083
16085
16333
16343
16358
16821
17061
17117
17194
17216
17263
17749
17750
17987
18057
18297
18427
18469
18559
18815
19051
20018
20237
20785
20953
21139
21417
21687
22405
22785
22875
23106
23249
23800
24019
24142
24505
24548
25412
25889
26101
26459
26837
26947
496
589
818
823
834
945
975
1053
1082
1145
1249
1393
1409
1410
1570
1846
1950
2023
2168
2210
2286
2495
2607
2717
2774
2777
2792
2832
2958
3002
3089
3094
3267
3332
3341
3351
3369
3394
3422
3438
3654
3684
3691
3729
3745
3785
3803
3955
4107
4138
4156
4300
4411
4623
4855
4856
4911
4978
5326
5347
5384
5481
5582
5626
5635
5691
5692
5763
5858
6002
6200
6306
6413
6472
6473
6729
6786
6787
6796
6841
6889
6917
6922
6930
6942
6956
7006
7106
7257
7333
7404
7408
7468
7544
7632
7802
7834
7840
7844
7902
7964
7982
8091
8104
8152
8284
8320
8362
8376
8389
8513
8528
8697
8700
8727
8891
9051
9389
9529
9677
9735
9849
9859
9887
9891
10110
10128
10265
10492
10530
10549
10589
10864
10871
10943
10984
11024
11188
11409
11411
11550
11601
11621
11753
11795
11855
12048
12134
12166
12621
12703
13077
13198
13451
13673
13717
13741
13764
14039
14178
14253
14299
14405
14522
14554
14591
14739
15024
15424
16097
16166
16201
16284
16309
16459
16628
16634
16876
17012
17090
17126
17811
18471
18862
18895
18976
19432
19674
19691
19813
19870
20007
20171
20277
20326
21320
21646
21878
21899
22037
22407
22507
22760
23718
23732
24069
24264
24287
24864
24931
24932
25019
25113
25305
25632
26218
26814
27156
29115
30921
149
284
343
813
935
952
965
1004
1032
1333
1429
1433
1572
1611
1614
1659
1690
1691
1806
1842
1894
1904
1992
2085
2095
2106
2120
2167
2174
2232
2320
2394
2472
2833
2837
2851
2870
2927
3033
3068
3122
3251
3254
3284
3377
3389
3457
3734
3754
3780
3866
3891
3926
3953
4006
4032
4052
4077
4120
4153
4180
4198
4212
4354
4375
4394
4500
4601
4723
4777
4951
4964
4968
5176
5203
5212
5310
5458
5518
5557
5624
5702
5726
5790
5983
6090
6094
6122
6245
6358
6412
6475
6478
6480
6506
6614
6745
6773
6825
6848
6862
6998
7082
7187
7247
7266
7371
7486
7538
7584
7696
7836
7891
7904
7917
7994
7999
8003
8162
8324
8346
8369
8421
8451
8452
8498
8586
8649
8848
8867
8895
8959
9035
9102
9232
9317
9385
9390
9457
9498
9541
9623
9715
9775
9808
9931
9932
9945
10217
10363
10372
10430
10436
10672
10712
10726
10830
10896
10959
11107
11609
11646
11732
11786
11974
11999
12031
12066
12067
12069
12105
12117
12126
12160
12390
12526
12559
12967
13010
13482
13515
13632
13768
13917
13940
13975
13986
14006
14060
14195
14244
14259
14304
14540
14559
14657
14729
14855
14863
15034
15316
15337
15414
15672
15794
16007
16010
16069
16257
16445
16880
17125
17146
17219
17225
17374
17437
17698
17723
17836
17911
17999
18047
18548
18906
18957
18967
19060
19817
20027
20040
20217
20338
20528
20799
21416
21689
21789
22562
22680
23475
23699
23813
23995
24254
25623
25682
25900
28310
28354
28587
29660
30640
44
125
187
188
659
746
860
947
950
1147
1417
1517
1601
1682
1729
1757
1787
1855
1865
1896
1923
1991
2017
2092
2103
2123
2139
2153
2189
2264
2362
2437
2618
2654
2660
2767
2824
2887
3041
3053
3333
3372
3395
3405
3541
3667
3768
3779
3799
3800
3969
4001
4087
4194
4219
4356
4410
4454
4461
4493
4513
4516
4583
4625
4655
4755
4797
4804
4875
4940
5103
5183
5205
5208
5220
5303
5366
5412
5570
5710
5779
5911
5965
6048
6217
6415
6416
6459
6518
6641
6790
6794
6828
6879
6891
6940
6955
7041
7194
7323
7442
7563
7690
7727
7920
7970
8204
8209
8220
8288
8294
8311
8408
8433
8443
8478
8624
8739
8743
8768
8779
9003
9057
9151
9315
9393
9406
9462
9471
9565
9583
9641
9758
9827
9881
9922
9942
10173
10180
10249
10424
10528
10542
10613
10724
10862
10901
11026
11300
11307
11325
11365
11489
11608
11701
11887
12129
12157
12161
12180
12239
12265
12292
12365
12633
12676
12704
12790
12955
12960
13026
13053
13376
13431
13559
13596
13669
13831
14022
14029
14049
14291
14336
14373
14517
14519
14624
15048
15153
15372
15422
15429
15441
15597
15761
15801
16347
16434
16542
16553
16610
16697
16904
16931
16942
16965
17008
17066
17239
17245
17261
17563
17650
17824
17895
18384
18504
18524
18608
18631
18633
18644
18959
19366
19610
19998
20234
20238
21045
21155
21241
21302
21613
21892
22113
22145
22325
22467
22509
22641
23705
23958
24174
25179
25287
25487
26119
26530
26672
27161
27208
27448
27629
28759
28764
29080
29494
31
93
346
407
528
541
548
580
763
882
932
995
999
1042
1086
1241
1527
1578
1643
1651
1676
1735
2049
2083
2298
2327
2430
2440
2615
2719
2748
2795
2919
2923
2933
2945
3049
3066
3091
3299
3318
3326
3368
3420
3425
3426
3443
3452
3558
3614
3687
3935
4095
4145
4285
4295
4390
4446
4491
4506
4542
4679
4749
4774
4775
4869
4900
4948
4965
5002
5059
5294
5335
5352
5354
5357
5367
5421
5438
5460
5478
5594
5615
5651
5689
5724
5800
5838
5860
5956
6013
6036
6154
6186
6222
6225
6242
6401
6410
6434
6486
6547
6721
6723
6755
6768
6803
6849
6854
6915
7052
7240
7284
7317
7488
7515
7527
7674
7698
7837
7905
7959
7972
8004
8006
8170
8201
8202
8203
8232
8285
8434
8533
8702
8756
8759
8763
8840
8893
9039
9055
9176
9182
9201
9229
9362
9363
9422
9510
9543
9642
9649
9654
9721
9851
9856
9877
9919
10060
10132
10143
10148
10256
10431
10446
10516
10552
10600
10602
10606
10673
10873
11092
11282
11298
11335
11647
11777
12094
12098
12130
12147
12246
12491
12504
12510
12574
12720
12913
12987
13085
13149
13351
13580
13809
14023
14229
14247
14324
14848
14870
14899
15026
15036
15038
15264
15321
15351
15377
15379
15382
15417
15646
15650
16025
16268
16353
16354
16380
16408
16779
16941
16981
17105
17185
17226
17327
17385
17503
17687
17737
17930
18150
18492
18499
19164
19293
19312
19373
19437
19539
19667
20424
20679
20722
20739
20840
20934
20972
21105
21351
21797
22026
22128
22246
22387
22422
22625
23073
23309
23378
23654
23684
23709
23768
23861
24386
24560
24591
24613
24672
24827
24895
24930
25625
25899
26089
26168
26202
26353
26377
26453
26466
26546
26691
26755
26760
28149
29050
30084
141
142
207
313
585
738
748
765
769
771
835
938
963
1072
1260
1279
1332
1404
1439
1450
1477
1622
1628
1714
1764
1778
1838
2014
2045
2056
2166
2170
2176
2184
2253
2309
2375
2406
2412
2418
2509
2515
2542
2594
2599
2632
2671
2716
2745
2789
2790
2817
2876
2937
2948
2955
3018
3286
3322
3344
3346
3347
3376
3424
3432
3561
3655
3738
3773
3807
3959
4088
4125
4164
4179
4281
4284
4293
4311
4312
4325
4363
4419
4422
4641
5054
5079
5080
5157
5267
5275
5313
5358
5474
5604
5643
5655
5697
5745
5806
5812
5960
5987
5993
6007
6170
6272
6286
6295
6383
6393
6436
6500
6553
6565
6606
6719
6720
6776
6777
6778
6836
6876
6894
6901
6938
7049
7092
7098
7125
7131
7198
7256
7434
7558
7599
7625
7721
7747
7753
7925
7945
7958
7973
8070
8088
8205
8237
8316
8322
8357
8418
8419
8437
8491
8508
8575
8614
8715
8720
8726
8750
8786
8801
8808
8812
8827
8852
8873
8915
9195
9255
9266
9353
9361
9396
9495
9536
9636
9709
9789
9884
9908
9921
9955
9985
10052
10064
10130
10343
10405
10419
10433
10464
10494
10511
10527
10538
10545
10674
10713
10716
10719
10739
10740
10787
10863
10879
10889
10908
10913
10993
11116
11175
11252
11272
11274
11346
11474
11579
11685
11723
11762
11820
12174
12223
12244
12275
12313
12339
12383
12385
12419
12659
12739
12770
12806
12868
13006
13033
13074
13116
13159
13173
13197
13228
13483
13789
13890
13920
13998
14156
14182
14197
14233
14294
14392
14393
14431
14536
14663
14864
14919
14923
14976
15025
15201
15253
15279
15320
15348
15374
15434
15474
15613
15810
16364
16396
16491
16526
16745
16748
16757
16801
16930
16998
17057
17260
17290
17329
17373
17486
17679
17711
17731
17813
18015
18168
18407
18417
18593
18697
18706
18852
18875
18923
19027
19098
19306
19454
19472
19596
19654
19657
19734
19779
19866
20305
20437
20637
20769
20835
20847
21384
21505
22100
22403
22443
22609
22874
23050
23221
23254
23301
23865
23965
23966
24959
25079
25081
25223
25500
25627
25747
25760
26030
26138
26179
26215
26429
26432
26495
26847
26941
26974
27378
27665
27862
28495
75
83
143
233
241
267
280
300
415
440
453
539
552
598
674
704
711
719
747
819
853
961
972
988
1007
1061
1069
1140
1222
1224
1512
1647
1718
1736
1755
1784
2039
2066
2149
2161
2206
2249
2254
2281
2350
2543
2582
2702
2732
2751
2755
2788
2794
2828
2862
2946
2970
3044
3050
3102
3121
3153
3321
3336
3419
3480
3515
3535
3728
3775
3853
3879
3887
3889
3890
3933
3958
3967
3977
3986
4134
4248
4306
4357
4384
4444
4474
4648
4652
4765
4808
4939
4981
5070
5091
5123
5152
5198
5221
5381
5414
5418
5485
5522
5556
5613
5725
5737
5772
5781
5783
5848
5889
5895
5904
6068
6223
6291
6336
6380
6382
6400
6405
6620
6697
6711
6859
6883
6904
6925
6932
6936
7152
7235
7242
7249
7293
7311
7346
7363
7375
7403
7530
7613
7693
7708
7934
7974
8035
8052
8079
8231
8333
8354
8473
8486
8619
8621
8684
8736
8971
8991
9017
9033
9044
9074
9144
9458
9507
9556
9587
9643
9658
9707
9725
9770
9780
9920
9974
10157
10209
10242
10554
10681
10691
10695
10711
10865
10868
10928
10971
11100
11130
11316
11354
11539
11629
11643
11745
11748
11888
11926
11941
12050
12101
12318
12336
12355
12446
12451
12519
12677
12810
12946
12947
12971
13317
13332
13442
13462
13507
13511
13638
13676
13969
13971
14032
14035
14180
14243
14334
14350
14435
14507
14576
14652
14746
14828
14886
15016
15168
15215
15358
15489
15592
15620
15641
15690
15715
15839
16096
16143
16169
16182
16465
16582
16646
16744
16882
16893
17048
17223
17273
17453
17484
17536
17566
17626
17673
17804
18018
18049
18099
18318
18603
18720
18750
18780
18854
18877
18883
18887
18889
18894
18983
19170
19227
19297
19343
19486
19600
19653
19747
19890
19899
20412
20477
20636
20730
20744
20909
20975
21137
21525
21582
21629
21788
21825
21890
22220
22248
22756
22765
22953
22957
23017
23223
23326
23400
23404
23528
23615
23704
23706
23727
23743
23887
24167
24243
24286
24374
24383
24865
25031
25032
25059
25076
25150
25887
25907
25943
26068
26102
26442
26790
26804
26827
27009
27189
27332
27692
28902
28986
29091
30038
103
376
381
423
534
537
540
553
840
1016
1047
1055
1114
1115
1283
1285
1287
1293
1331
1360
1418
1437
1516
1564
1600
1692
1693
1770
1786
1871
1918
2008
2058
2071
2087
2101
2128
2147
2152
2234
2349
2364
2428
2450
2478
2590
2620
2627
2673
2681
2822
2836
2902
2983
3012
3023
3098
3216
3239
3247
3257
3262
3274
3310
3327
3359
3370
3381
3387
3410
3562
3680
3681
3794
3823
3825
3864
3884
3897
3898
3997
4056
4101
4113
4147
4216
4305
4397
4465
4512
4517
4540
4677
4802
4871
4902
4903
5098
5249
5287
5388
5430
5451
5464
5581
5722
5749
5756
5764
5810
5830
5844
5924
5938
5945
5959
6012
6131
6142
6156
6193
6204
6224
6285
6298
6426
6519
6549
6568
6587
6603
6642
6671
6739
6758
6763
6797
6835
6994
7017
7055
7094
7184
7292
7307
7324
7367
7441
7451
7461
7474
7492
7506
7507
7534
7631
7636
7687
7710
7782
7852
7874
7957
7968
8041
8060
8080
8099
8225
8295
8298
8342
8344
8359
8541
8553
8560
8592
8604
8663
8668
8785
8820
8823
8849
8870
8932
8965
8966
8973
9053
9082
9086
9206
9260
9268
9321
9336
9357
9402
9441
9526
9574
9577
9674
9722
9813
9923
9933
9967
10048
10074
10095
10159
10460
10556
10574
10582
10587
10635
10647
10699
10704
10729
10794
10935
10965
10990
10998
11022
11047
11096
11247
11350
11478
11483
11559
11561
11595
11798
11899
11932
11940
12034
12077
12124
12184
12233
12242
12270
12347
12495
12644
12864
12870
12910
12990
13021
13128
13206
13232
13330
13377
13378
13574
13620
13633
13639
13713
13745
13792
13855
13888
13963
13972
14013
14047
14157
14266
14352
14421
14436
14514
14527
14615
14779
14849
14852
14914
14946
15035
15152
15380
15430
15466
15579
15637
15717
15751
15773
15804
15945
16017
16018
16208
16214
16221
16246
16406
16486
16490
16625
16627
16630
16639
16815
16838
16905
16986
17041
17062
17131
17465
17507
17579
17708
17795
18066
18175
18228
18312
18331
18410
18465
18599
18601
18756
18758
18824
18856
19032
19053
19079
19253
19264
19420
19506
19540
19630
19656
19713
19722
19737
19755
19785
19818
19946
19953
20001
20047
20284
20286
20341
20548
20567
20747
20825
20842
20887
21330
21357
21439
21472
21508
21511
21555
21557
21694
21913
22051
22245
22272
22294
22295
22302
22343
22511
22546
