0	124	5 
0	341	5 
0	643	5 
0	818	5 
1	773	4 
2	1	5 
2	436	4 
2	1201	5 
3	331	5 
3	454	5 
3	1038	5 
4	98	4 
6	787	5 
6	945	5 
9	567	5 
10	240	5 
10	1089	5 
12	206	5 
12	410	5 
13	45	4 
14	380	3 
15	899	5 
16	132	5 
16	341	4 
16	436	5 
16	684	4 
17	165	4 
17	273	3 
17	944	5 
18	375	4 
19	1145	1 
19	1214	5 
20	247	5 
21	214	3 
22	124	5 
22	508	3 
22	622	4 
23	60	5 
24	233	5 
24	251	3 
25	662	4 
26	23	4 
26	76	4 
26	120	4 
26	132	5 
26	539	5 
26	648	4 
27	595	4 
27	819	4 
27	1500	4 
28	229	4 
28	714	4 
28	939	5 
30	7	4 
31	780	4 
32	56	3 
32	410	5 
32	834	3 
33	42	5 
33	560	5 
33	851	5 
33	1179	5 
34	842	2 
35	28	5 
36	91	5 
36	93	5 
36	99	5 
36	324	5 
36	341	4 
36	416	5 
36	641	5 
37	1382	4 
39	548	5 
39	622	5 
40	122	4 
41	204	5 
41	525	5 
42	47	5 
43	139	5 
43	410	3 
44	593	5 
45	117	5 
45	1332	5 
46	26	5 
46	124	5 
46	348	5 
48	357	5 
48	586	4 
48	825	5 
48	1113	4 
48	1162	5 
49	194	4 
49	256	4 
50	22	1 
51	705	3 
52	687	5 
52	1512	4 
53	42	4 
53	266	5 
53	588	5 
53	690	5 
53	956	5 
54	98	2 
54	259	4 
54	406	5 
54	645	3 
55	106	5 
59	601	5 
61	166	5 
63	121	4 
63	167	5 
63	914	4 
64	20	5 
64	59	5 
64	98	4 
64	750	5 
66	446	4 
67	95	5 
67	333	4 
67	353	5 
67	684	4 
68	56	4 
68	122	4 
68	182	4 
68	357	5 
68	1021	4 
69	97	2 
69	396	4 
69	501	4 
69	536	4 
69	1282	2 
71	251	5 
71	994	4 
73	17	4 
73	737	5 
73	1208	4 
74	80	5 
74	294	4 
74	744	4 
75	518	1 
76	120	5 
76	356	5 
76	599	3 
76	1131	5 
77	27	4 
77	74	4 
77	93	5 
77	523	4 
77	767	5 
77	1123	5 
77	1317	5 
78	461	5 
79	59	5 
81	763	4 
83	132	5 
83	580	5 
83	942	5 
83	959	5 
83	1454	5 
84	23	4 
84	264	4 
84	960	4 
85	96	4 
86	21	5 
86	256	5 
86	473	5 
86	666	5 
87	249	5 
87	286	4 
87	557	3 
88	80	4 
88	556	5 
88	889	4 
89	785	5 
90	1150	5 
91	10	5 
91	246	5 
92	89	5 
93	271	3 
93	960	5 
94	773	5 
94	834	2 
95	622	5 
97	130	3 
97	167	5 
97	889	4 
97	1232	5 
98	154	5 
100	98	4 
100	105	4 
100	260	4 
100	325	5 
101	41	5 
101	662	4 
101	900	5 
102	652	4 
103	105	4 
104	41	4 
104	842	4 
106	101	4 
106	155	5 
106	263	3 
106	630	5 
106	1180	4 
107	311	5 
108	817	4 
109	509	2 
109	579	4 
109	964	4 
111	10	5 
111	182	5 
113	20	5 
113	329	2 
113	565	4 
114	409	3 
114	816	5 
115	687	4 
117	50	5 
117	481	5 
118	11	5 
118	224	4 
118	311	5 
118	730	4 
118	1519	5 
119	543	4 
120	104	5 
120	445	2 
120	641	5 
121	1222	5 
122	706	5 
122	1184	4 
124	72	2 
124	80	4 
125	330	4 
126	410	5 
126	462	5 
127	145	5 
129	17	5 
129	132	5 
129	257	4 
129	1479	5 
130	456	4 
130	498	5 
131	285	5 
132	334	5 
132	521	5 
133	710	4 
134	636	5 
134	658	5 
134	1188	5 
135	6	5 
135	358	5 
135	1191	5 
135	1396	5 
136	1184	5 
137	646	3 
141	1072	5 
142	35	4 
142	80	4 
142	122	5 
142	322	4 
143	122	5 
143	236	5 
143	1335	5 
144	946	4 
144	1110	4 
145	46	5 
145	122	5 
145	727	5 
146	500	5 
146	778	5 
146	864	5 
147	528	5 
148	1031	4 
150	1422	5 
151	317	3 
151	895	2 
152	117	5 
152	166	5 
152	182	5 
152	836	5 
153	519	4 
154	256	4 
154	594	3 
155	750	5 
156	61	3 
157	201	5 
157	434	5 
158	182	4 
160	592	5 
160	867	1 
161	71	4 
161	86	4 
161	172	4 
161	410	5 
162	1563	5 
163	291	4 
163	613	2 
163	1271	5 
164	27	5 
164	206	5 
164	939	4 
164	1023	5 
164	1160	5 
165	169	3 
165	304	3 
166	182	5 
167	88	5 
167	122	3 
167	168	5 
167	179	5 
167	424	5 
167	579	5 
167	646	3 
168	80	4 
168	275	3 
168	305	3 
168	452	3 
168	553	4 
168	630	4 
168	1046	4 
168	1449	4 
168	1544	3 
170	697	5 
171	286	5 
171	548	5 
171	836	3 
171	994	5 
171	1414	4 
173	26	5 
173	606	5 
173	1058	5 
174	10	4 
174	206	4 
175	47	4 
175	56	2 
175	188	5 
176	234	5 
176	1247	5 
176	1369	4 
176	1393	5 
177	319	5 
177	443	3 
177	1299	2 
178	653	5 
181	130	4 
185	1343	3 
186	26	5 
186	586	5 
186	662	3 
186	750	3 
189	15	5 
189	151	5 
191	149	5 
191	196	5 
191	361	5 
191	410	5 
191	646	5 
192	56	5 
192	80	5 
192	466	4 
194	164	4 
196	11	4 
196	128	5 
196	455	3 
197	176	3 
198	166	4 
199	277	4 
199	1119	4 
200	229	5 
200	1020	4 
202	455	5 
202	662	4 
203	167	4 
203	211	4 
203	220	5 
203	433	4 
204	56	4 
204	190	4 
204	385	4 
204	714	5 
205	304	5 
205	1179	5 
207	900	5 
207	946	5 
208	182	5 
208	604	5 
208	880	5 
209	52	5 
209	100	5 
209	564	5 
210	166	5 
210	519	2 
210	810	5 
211	131	5 
211	375	5 
211	785	5 
212	302	5 
212	352	4 
212	370	5 
212	471	3 
212	1498	5 
214	98	5 
214	128	5 
214	146	5 
214	917	5 
215	84	3 
215	293	4 
215	356	2 
215	410	5 
215	452	5 
216	89	5 
216	505	5 
219	341	4 
219	398	4 
220	140	5 
221	236	5 
221	751	5 
222	452	4 
222	510	5 
223	34	4 
223	941	5 
224	50	5 
224	179	5 
224	324	5 
224	527	4 
224	637	5 
225	637	5 
227	112	4 
227	189	5 
227	466	4 
227	699	4 
228	1534	5 
229	252	5 
230	434	5 
230	470	3 
231	184	5 
231	502	5 
232	616	4 
233	15	5 
233	504	5 
233	842	5 
234	1136	5 
235	466	2 
236	188	3 
236	190	5 
237	1023	5 
239	203	5 
241	454	5 
241	557	3 
243	173	5 
243	177	4 
243	1023	4 
244	734	4 
247	889	2 
247	1202	5 
247	1251	1 
248	129	5 
248	180	3 
248	400	3 
250	1286	5 
251	324	5 
252	554	5 
252	1468	5 
253	370	1 
256	905	4 
258	66	3 
258	439	4 
258	929	4 
259	273	5 
260	1297	5 
260	1319	4 
261	88	5 
261	369	5 
261	864	5 
262	103	2 
262	241	4 
265	177	4 
265	260	3 
266	32	5 
266	256	5 
266	899	4 
267	206	5 
267	233	5 
267	247	4 
267	335	4 
267	586	1 
267	981	4 
268	119	5 
268	153	5 
268	170	5 
269	239	3 
269	556	5 
269	1222	5 
269	1275	5 
270	197	4 
270	420	5 
271	221	5 
271	263	5 
271	1239	4 
272	164	4 
273	425	4 
273	563	5 
273	652	4 
274	43	4 
274	156	3 
274	259	5 
274	385	4 
275	1013	5 
276	446	3 
276	825	5 
277	1150	5 
277	1352	5 
278	97	5 
278	172	2 
278	843	5 
279	304	5 
279	321	5 
280	568	4 
280	697	3 
281	165	4 
281	1340	3 
282	659	5 
282	984	5 
285	349	5 
285	877	5 
286	98	5 
286	410	5 
287	744	4 
287	1457	5 
290	484	5 
290	1398	5 
291	455	3 
292	356	5 
293	967	4 
294	220	5 
295	128	5 
295	400	3 
295	494	1 
296	169	4 
297	392	5 
297	1516	5 
298	840	5 
299	83	5 
299	692	5 
299	698	5 
300	20	5 
300	93	5 
300	398	5 
300	535	5 
301	83	4 
301	403	2 
303	123	4 
303	129	5 
303	286	4 
303	369	4 
303	579	4 
303	1244	4 
303	1436	5 
304	437	5 
306	50	5 
306	182	5 
306	334	4 
306	764	4 
306	905	5 
307	27	5 
307	64	4 
307	250	4 
307	321	4 
307	510	4 
307	1078	4 
310	202	5 
310	250	5 
310	317	4 
310	969	5 
311	197	4 
312	786	4 
313	356	3 
315	50	5 
315	162	5 
315	214	5 
315	540	5 
315	715	5 
318	281	4 
318	353	4 
318	480	3 
319	1129	5 
321	235	1 
321	526	5 
323	72	4 
323	214	4 
323	322	4 
324	798	4 
325	216	1 
325	322	5 
326	5	4 
326	376	4 
326	489	3 
326	494	4 
327	99	1 
327	183	4 
327	1010	5 
327	1400	5 
328	1255	5 
329	1110	4 
331	631	4 
332	1266	4 
334	167	5 
334	439	5 
335	231	5 
335	243	5 
335	375	5 
335	655	4 
336	114	2 
336	321	4 
337	299	5 
337	548	5 
338	313	5 
338	955	5 
338	1548	5 
339	113	5 
339	190	4 
339	194	3 
339	209	5 
339	317	3 
339	434	5 
339	816	5 
339	885	4 
339	1002	5 
339	1295	5 
339	1557	4 
340	17	5 
340	268	5 
340	630	5 
341	112	4 
341	468	5 
341	1008	5 
341	1175	4 
341	1194	5 
342	237	4 
342	984	5 
344	182	4 
344	385	3 
344	619	3 
344	733	4 
346	35	5 
346	100	4 
346	218	4 
346	276	5 
346	291	5 
346	331	3 
346	333	5 
346	1439	4 
347	53	5 
347	317	4 
347	775	5 
348	790	4 
348	1255	2 
349	564	4 
350	120	3 
350	368	3 
350	840	5 
351	73	3 
351	196	5 
351	463	5 
351	641	4 
351	1127	3 
352	28	5 
352	260	4 
353	116	5 
353	496	5 
354	184	5 
355	188	4 
355	222	3 
355	446	4 
355	795	5 
355	832	4 
355	834	4 
355	1323	5 
356	766	5 
356	830	5 
357	63	5 
357	334	5 
357	828	4 
358	2	4 
358	46	5 
358	586	4 
359	29	4 
359	203	4 
360	1322	5 
361	182	5 
363	179	4 
363	188	4 
363	206	4 
363	787	4 
366	494	5 
366	1020	5 
367	1000	4 
367	1466	2 
368	941	5 
369	110	5 
369	630	5 
369	889	5 
370	622	4 
371	683	5 
372	223	5 
372	528	4 
373	206	5 
373	849	5 
376	537	4 
378	188	5 
378	1008	4 
378	1286	4 
378	1358	3 
379	255	4 
379	610	5 
379	1104	3 
379	1272	5 
380	20	5 
380	155	3 
380	161	4 
380	246	5 
380	497	5 
380	697	5 
380	744	3 
382	47	5 
382	206	5 
382	331	5 
382	343	5 
382	356	5 
383	122	3 
383	344	3 
384	101	5 
385	941	4 
385	960	5 
385	1368	5 
386	13	4 
387	281	5 
388	17	5 
388	89	4 
388	761	5 
388	818	4 
388	950	5 
388	1013	5 
389	105	5 
389	353	5 
389	544	5 
389	775	4 
391	321	5 
392	250	3 
392	744	4 
393	934	4 
394	502	5 
395	201	3 
395	215	4 
395	452	2 
395	525	5 
395	1097	4 
396	116	4 
396	117	5 
396	317	5 
396	446	4 
396	717	5 
397	301	5 
397	930	4 
398	148	5 
398	199	5 
398	544	4 
399	291	5 
399	510	4 
400	482	5 
401	86	4 
404	211	3 
405	545	5 
405	677	5 
407	196	5 
407	1022	5 
408	120	3 
409	920	2 
410	695	5 
410	875	5 
411	665	5 
411	1343	4 
414	1066	5 
414	1207	3 
414	1264	4 
415	425	5 
415	523	4 
415	641	4 
416	5	4 
416	22	5 
416	54	5 
416	164	5 
416	1363	4 
418	1347	5 
419	5	3 
419	91	4 
419	221	4 
419	511	4 
420	478	4 
422	324	5 
424	737	5 
424	1223	4 
425	489	4 
426	91	5 
428	1520	5 
429	110	5 
429	188	4 
429	321	4 
432	321	5 
432	783	4 
432	841	5 
433	13	5 
433	263	5 
433	264	5 
434	105	4 
434	263	1 
434	423	2 
435	30	4 
435	104	5 
435	344	2 
435	390	5 
435	1065	5 
436	20	5 
436	86	4 
436	189	3 
436	1195	5 
437	13	5 
439	95	4 
439	276	3 
439	480	4 
440	665	3 
441	38	4 
441	182	5 
441	203	5 
441	221	5 
441	630	5 
442	117	5 
443	577	5 
444	971	3 
445	294	5 
447	152	5 
447	260	3 
447	287	4 
447	755	5 
447	775	5 
447	1523	5 
448	443	3 
448	535	2 
450	666	4 
451	58	5 
451	215	5 
451	379	5 
451	472	5 
451	846	5 
451	1062	5 
451	1142	4 
451	1528	5 
452	1505	3 
454	294	4 
454	308	4 
456	1373	5 
457	461	5 
457	1197	4 
458	95	4 
458	120	4 
458	357	1 
458	441	4 
458	1052	4 
460	124	5 
460	287	5 
460	376	5 
460	381	4 
460	456	1 
460	662	4 
460	733	5 
461	256	4 
461	335	4 
462	128	4 
462	195	3 
462	363	3 
462	444	3 
462	784	5 
462	1279	4 
464	225	4 
464	256	4 
464	697	4 
465	178	3 
465	382	5 
465	420	5 
465	485	4 
465	649	4 
465	669	4 
465	900	4 
466	110	5 
466	416	4 
466	646	5 
468	58	5 
468	77	5 
469	239	4 
469	385	4 
470	50	3 
471	461	4 
472	379	5 
472	385	5 
472	410	5 
473	325	4 
473	357	4 
473	950	2 
473	1291	5 
474	177	5 
474	250	4 
474	304	5 
476	304	4 
477	331	4 
478	122	4 
479	119	5 
479	353	3 
479	635	5 
480	659	3 
483	335	5 
483	446	2 
483	1328	4 
484	95	5 
485	123	4 
486	83	5 
486	501	5 
487	156	5 
487	279	3 
487	356	5 
487	416	4 
489	404	5 
489	595	5 
490	58	5 
490	245	4 
490	443	5 
491	1073	4 
492	501	3 
492	533	5 
492	841	4 
492	961	4 
496	47	5 
496	184	5 
496	630	5 
496	829	4 
497	1240	3 
498	409	5 
498	646	4 
499	376	5 
499	500	5 
499	1213	5 
500	10	4 
501	389	2 
501	938	2 
504	371	5 
504	385	5 
505	216	4 
506	223	5 
506	928	5 
506	990	4 
506	1228	5 
508	707	4 
511	357	5 
512	511	4 
513	1530	5 
514	517	5 
516	521	5 
516	540	5 
516	599	4 
517	465	5 
517	1010	5 
518	1152	5 
518	1401	3 
519	179	5 
519	189	4 
519	509	3 
519	537	2 
520	105	5 
520	348	4 
520	361	5 
521	341	3 
521	444	3 
521	759	2 
522	299	4 
523	578	3 
524	31	5 
524	485	5 
524	785	5 
525	315	4 
526	8	4 
526	25	5 
526	195	4 
527	91	5 
527	190	4 
528	23	4 
528	251	3 
528	352	4 
529	530	4 
530	166	2 
530	188	5 
531	939	3 
532	441	4 
532	622	4 
534	135	5 
534	375	3 
535	773	5 
536	91	5 
537	543	5 
538	409	3 
538	1087	4 
539	97	5 
539	292	4 
540	27	4 
540	95	5 
540	278	5 
541	1424	1 
542	17	5 
542	248	5 
542	317	4 
542	446	2 
542	714	5 
542	1131	5 
543	1020	3 
544	47	3 
545	223	5 
545	250	5 
545	666	5 
548	113	4 
549	391	4 
549	438	5 
549	708	5 
550	885	5 
551	729	3 
551	1056	3 
552	470	4 
552	563	4 
553	1270	5 
555	1240	4 
556	1547	5 
557	101	5 
557	456	5 
559	1146	5 
560	222	4 
562	188	3 
562	203	4 
563	58	4 
563	152	5 
563	156	5 
563	195	5 
563	383	4 
563	627	5 
563	684	4 
564	131	5 
564	321	5 
564	369	5 
564	723	5 
565	32	4 
565	670	3 
565	733	3 
565	755	4 
565	1296	4 
566	149	1 
566	1242	4 
567	319	3 
568	41	5 
568	311	5 
568	530	5 
568	1045	5 
569	172	5 
570	45	4 
570	666	1 
571	740	1 
572	652	4 
572	753	4 
572	790	5 
573	286	5 
574	13	4 
574	744	3 
575	199	5 
575	657	5 
575	842	5 
576	189	4 
577	1042	4 
578	413	4 
578	464	3 
578	755	4 
578	1072	5 
578	1123	5 
579	98	4 
580	10	4 
580	114	5 
580	635	3 
581	823	5 
582	144	5 
583	112	4 
584	586	4 
585	38	4 
585	105	4 
585	356	3 
585	1082	4 
588	250	4 
590	669	5 
591	142	5 
592	175	4 
593	22	3 
593	98	4 
593	437	4 
593	571	3 
595	110	5 
595	171	5 
595	348	3 
595	403	3 
595	410	5 
595	1500	5 
597	38	5 
597	72	5 
597	132	5 
597	302	5 
597	1254	4 
598	95	5 
599	236	5 
600	233	5 
600	293	3 
600	1314	4 
603	320	5 
603	370	4 
606	1300	5 
606	1338	5 
607	1084	5 
607	1176	5 
607	1464	5 
607	1502	5 
608	149	5 
611	173	5 
611	182	4 
612	319	3 
612	728	5 
614	1037	4 
615	177	5 
616	46	4 
616	190	4 
617	7	3 
617	237	3 
617	811	4 
618	66	3 
618	655	4 
618	764	4 
620	492	5 
620	739	5 
620	1058	5 
621	123	4 
623	1256	4 
625	229	5 
626	88	4 
627	1522	5 
628	276	3 
628	304	4 
629	346	2 
629	672	3 
629	1421	4 
630	5	2 
630	22	2 
630	177	4 
631	1344	3 
632	80	5 
632	182	5 
633	19	5 
633	459	4 
635	128	5 
635	139	5 
636	589	5 
637	296	2 
637	802	5 
638	211	5 
638	272	5 
638	808	2 
638	874	5 
639	186	5 
640	540	5 
641	51	4 
641	121	4 
641	131	5 
641	221	4 
641	294	5 
642	45	4 
642	196	4 
642	698	4 
643	725	4 
644	118	5 
644	910	5 
647	261	5 
647	317	4 
647	343	5 
648	523	5 
648	987	3 
649	98	3 
651	10	5 
651	357	5 
651	441	4 
651	816	5 
651	1166	5 
653	573	5 
654	676	5 
655	22	5 
655	804	5 
656	289	2 
656	475	4 
657	22	5 
657	46	3 
661	291	1 
662	371	5 
662	507	4 
662	1144	3 
662	1145	3 
663	117	5 
663	256	5 
663	336	5 
663	819	5 
663	820	5 
664	146	4 
664	251	3 
665	43	5 
665	774	5 
666	555	4 
668	648	2 
671	115	4 
671	263	4 
671	268	3 
672	1043	4 
673	115	4 
673	279	3 
673	462	5 
673	1353	1 
673	1373	5 
674	4	5 
674	104	5 
674	216	2 
675	1152	5 
677	354	4 
677	470	4 
677	659	4 
677	925	5 
677	1442	5 
682	80	5 
682	167	5 
682	325	5 
682	958	5 
682	1497	5 
683	117	5 
683	500	5 
683	660	5 
684	20	5 
684	123	5 
685	788	4 
686	439	5 
686	466	4 
686	554	3 
687	158	5 
687	182	5 
687	624	4 
687	727	5 
687	792	5 
687	1563	4 
688	619	5 
689	32	5 
690	87	4 
690	117	3 
692	264	5 
692	1149	4 
693	776	4 
693	858	5 
694	1103	3 
696	33	5 
696	59	5 
696	169	5 
696	411	4 
696	494	5 
696	824	5 
697	80	5 
697	122	5 
698	385	5 
699	38	3 
699	88	4 
699	1007	2 
700	31	4 
700	95	4 
700	128	5 
700	246	4 
700	441	4 
700	556	5 
700	622	5 
702	48	4 
702	508	4 
702	619	4 
703	691	5 
703	1191	5 
705	1120	5 
706	38	2 
706	264	5 
706	500	5 
706	571	5 
707	216	4 
707	494	4 
707	596	5 
707	816	5 
710	401	5 
710	731	5 
710	1330	5 
711	5	4 
711	239	4 
711	459	1 
711	631	4 
711	654	4 
712	1418	4 
713	77	4 
713	381	5 
713	1399	5 
714	1362	5 
715	168	4 
715	441	5 
716	172	5 
716	292	5 
716	677	5 
716	956	5 
717	899	5 
719	317	5 
719	410	5 
719	505	4 
720	132	5 
721	73	5 
721	91	4 
721	229	5 
721	620	5 
721	622	5 
721	660	3 
721	819	5 
722	4	4 
723	32	5 
723	95	4 
723	443	3 
724	264	3 
724	299	5 
724	410	5 
728	73	5 
728	370	5 
728	390	5 
729	180	3 
730	21	4 
730	112	4 
732	104	5 
732	402	5 
732	1428	5 
735	23	4 
735	170	4 
735	216	5 
735	317	3 
735	356	4 
735	594	3 
736	23	5 
736	319	5 
736	416	3 
736	727	5 
736	1013	5 
737	17	5 
737	26	4 
737	36	4 
737	46	4 
737	67	5 
737	73	4 
737	122	3 
737	530	5 
737	635	5 
737	866	4 
737	1074	4 
740	91	5 
740	556	5 
740	889	5 
742	454	5 
742	464	4 
742	785	5 
742	914	5 
742	1013	5 
742	1033	5 
742	1431	3 
744	26	5 
744	177	4 
745	409	4 
746	406	4 
747	186	5 
747	754	4 
747	939	4 
748	146	5 
748	214	4 
748	357	5 
748	586	4 
749	329	4 
749	832	3 
750	174	5 
750	420	5 
751	635	5 
751	818	5 
752	283	4 
752	744	3 
752	986	5 
753	119	4 
753	381	5 
753	409	1 
754	28	5 
754	251	5 
755	21	4 
755	164	3 
755	303	5 
755	564	3 
755	1333	5 
757	544	5 
757	1505	5 
759	1098	4 
760	164	5 
760	264	5 
760	409	3 
760	744	4 
760	869	4 
761	42	4 
761	153	5 
761	266	4 
761	539	5 
761	641	4 
761	849	5 
762	1029	5 
763	752	4 
766	218	4 
766	366	4 
766	436	3 
766	995	4 
767	39	5 
767	124	5 
767	295	5 
767	829	5 
767	830	5 
768	11	5 
768	20	5 
769	86	5 
769	483	4 
769	1557	5 
770	295	4 
771	372	5 
772	312	3 
774	288	3 
777	93	3 
777	631	4 
778	385	5 
778	465	5 
779	360	4 
780	738	5 
781	229	4 
782	184	3 
783	186	4 
784	1256	5 
786	172	3 
786	828	3 
787	192	4 
788	346	1 
788	471	4 
790	144	4 
790	221	4 
790	862	5 
791	465	4 
792	437	4 
792	1125	5 
793	1019	5 
794	695	5 
795	246	4 
795	400	2 
795	786	5 
796	142	5 
797	38	4 
797	1248	4 
799	117	5 
800	99	4 
800	127	4 
800	238	4 
800	646	4 
801	249	5 
801	385	5 
802	755	5 
804	388	5 
805	1240	4 
806	367	4 
807	918	2 
808	291	4 
809	371	5 
809	935	5 
811	142	3 
811	206	5 
811	995	4 
811	1217	3 
814	954	4 
815	655	5 
816	80	5 
816	303	5 
817	31	5 
817	755	5 
818	191	5 
818	370	5 
818	983	5 
819	1551	5 
820	353	5 
820	379	5 
820	755	5 
820	862	5 
820	914	5 
821	22	5 
821	181	4 
821	669	4 
821	1466	5 
822	100	4 
822	251	4 
822	455	3 
823	591	4 
824	38	5 
824	182	5 
824	240	5 
824	300	4 
824	553	5 
824	1381	5 
826	1113	5 
827	295	4 
828	213	5 
829	143	4 
830	1441	5 
832	374	2 
835	220	4 
835	633	4 
836	86	5 
836	215	5 
836	379	5 
836	600	5 
837	303	5 
837	466	3 
837	595	4 
837	780	5 
838	7	4 
838	273	4 
838	925	4 
839	441	5 
841	637	5 
842	98	4 
842	175	5 
842	255	4 
842	276	4 
842	285	5 
842	743	5 
842	780	4 
842	786	4 
843	252	5 
843	335	5 
843	402	5 
843	446	5 
843	745	5 
843	788	5 
844	207	4 
844	1317	5 
844	1372	4 
845	533	4 
846	930	5 
847	211	5 
847	577	5 
848	148	4 
848	173	5 
848	800	5 
848	822	4 
848	1120	2 
849	179	4 
850	616	3 
851	166	4 
853	110	2 
853	895	5 
853	1089	5 
854	38	4 
854	379	5 
854	695	5 
855	25	5 
855	100	5 
855	373	5 
856	900	5 
856	1110	5 
857	356	4 
857	451	4 
857	485	3 
860	164	5 
860	335	5 
860	374	5 
861	29	4 
861	287	4 
861	1411	5 
861	1480	4 
863	935	5 
863	1483	3 
866	367	5 
867	518	4 
867	1208	5 
868	56	5 
868	63	5 
868	143	5 
869	142	3 
870	533	5 
870	906	4 
870	1546	5 
871	105	4 
871	251	5 
872	725	5 
873	356	5 
873	405	5 
874	356	4 
874	792	5 
874	815	3 
875	104	5 
875	156	4 
875	266	5 
876	156	5 
876	179	5 
876	325	5 
876	471	4 
878	1458	5 
879	440	4 
881	797	5 
883	101	4 
884	71	3 
885	89	5 
885	665	5 
887	385	4 
887	461	1 
887	880	5 
887	1216	3 
889	39	5 
889	294	3 
889	717	5 
890	951	5 
891	98	3 
892	714	5 
893	115	4 
893	873	4 
893	1264	5 
893	1555	3 
895	108	5 
895	720	1 
897	434	5 
897	1201	4 
898	1189	5 
898	1273	5 
900	122	3 
900	208	4 
900	268	4 
900	283	4 
900	348	4 
900	418	4 
900	532	4 
900	689	4 
900	909	5 
900	1022	5 
900	1035	5 
900	1421	3 
901	48	5 
901	92	5 
901	260	5 
901	416	4 
901	619	5 
903	903	4 
906	390	5 
908	586	3 
910	361	5 
911	580	5 
911	680	4 
912	97	5 
912	206	5 
912	1164	5 
913	34	5 
913	110	5 
913	391	5 
915	89	5 
915	528	5 
915	1554	5 
916	339	4 
916	731	5 
917	22	3 
917	278	4 
917	616	4 
917	986	5 
918	400	4 
919	279	5 
919	390	5 
919	633	5 
920	657	5 
920	665	3 
923	33	3 
924	221	5 
924	656	5 
924	1064	5 
924	1210	5 
925	122	5 
925	573	5 
926	923	5 
926	1097	5 
927	229	3 
928	46	5 
928	197	4 
929	571	4 
930	26	5 
930	98	4 
930	684	5 
930	751	5 
930	988	4 
931	124	5 
931	595	5 
931	666	3 
932	64	5 
932	353	5 
933	390	5 
934	41	5 
934	619	4 
936	31	4 
936	47	4 
936	93	5 
936	388	5 
937	698	4 
938	75	4 
938	95	3 
938	135	4 
938	540	3 
939	911	5 
940	38	5 
940	865	5 
944	100	5 
944	197	4 
944	208	1 
944	247	5 
944	285	5 
944	439	5 
944	677	5 
945	93	5 
946	53	4 
946	409	5 
947	620	5 
947	641	4 
948	388	4 
948	586	4 
950	19	5 
950	225	5 
951	195	4 
951	425	5 
952	63	2 
952	109	5 
952	928	4 
955	859	4 
955	994	4 
956	164	4 
957	112	5 
957	672	3 
959	86	5 
959	513	5 
962	250	5 
962	526	5 
963	658	5 
965	121	5 
965	946	5 
966	314	5 
966	563	5 
966	670	4 
968	9	2 
968	175	5 
968	182	5 
969	501	4 
970	404	5 
970	834	3 
972	19	5 
973	28	5 
974	115	4 
974	388	5 
974	1072	5 
975	533	5 
976	571	5 
976	692	5 
976	727	5 
976	1522	5 
977	80	5 
979	153	5 
981	623	4 
981	1177	5 
982	105	3 
982	146	5 
982	441	4 
982	683	4 
982	872	5 
983	361	4 
983	881	4 
985	115	1 
987	388	4 
987	404	5 
987	685	4 
988	592	4 
990	122	4 
990	179	4 
990	182	5 
990	267	5 
990	268	4 
990	767	5 
990	862	4 
991	541	5 
991	1036	4 
991	1537	5 
992	46	5 
992	352	5 
993	461	4 
993	946	4 
994	63	5 
995	727	5 
996	302	4 
996	693	5 
996	706	5 
996	726	4 
996	900	4 
996	1123	5 
998	35	5 
998	530	4 
1000	188	5 
1000	438	4 
1004	39	5 
1004	154	3 
1004	334	5 
1004	375	5 
1004	614	5 
1004	843	5 
1005	240	4 
1005	354	5 
1005	569	4 
1006	385	5 
1007	650	4 
1008	698	4 
1009	833	5 
1010	272	5 
1012	235	3 
1012	266	5 
1012	454	4 
1013	65	4 
1013	132	5 
1013	698	5 
1014	192	3 
1014	822	4 
1014	956	4 
1014	992	4 
1014	1181	4 
1016	92	5 
1016	139	5 
1016	178	4 
1016	523	4 
1016	565	5 
1016	1299	5 
1017	741	5 
1018	267	4 
1018	365	4 
1019	22	5 
1019	492	5 
1020	633	3 
1022	586	5 
1023	5	5 
1024	98	4 
1026	130	3 
1026	170	4 
1026	611	5 
1026	1232	4 
1027	1382	3 
1029	113	5 
1029	444	5 
1030	71	3 
1030	142	4 
1030	729	2 
1030	1041	4 
1034	164	4 
1034	165	4 
1034	505	4 
1034	586	3 
1035	3	5 
1036	166	5 
1036	197	5 
1036	214	5 
1036	247	5 
1036	454	4 
1037	613	3 
1039	1563	3 
1041	1185	5 
1042	224	4 
1042	279	3 
1042	728	5 
1043	49	4 
1044	1103	3 
1044	1523	4 
1045	248	3 
1046	495	5 
1048	924	5 
1049	279	4 
1050	1179	4 
1052	20	5 
1052	325	5 
1052	550	4 
1056	153	4 
1056	378	4 
1056	1223	3 
1057	216	5 
1057	293	5 
1057	405	5 
1059	371	5 
1059	1569	4 
1060	11	5 
1060	93	5 
1060	341	4 
1060	795	5 
1060	830	4 
1061	1365	4 
1064	534	4 
1065	64	5 
1065	98	3 
1065	742	4 
1066	139	5 
1066	170	5 
1066	729	4 
1067	272	1 
1068	86	5 
1068	236	5 
1069	113	5 
1069	380	5 
1069	1201	5 
1070	110	5 
1071	347	5 
1072	1365	5 
1074	286	5 
1075	34	4 
1075	316	3 
1075	405	5 
1076	98	5 
1077	113	5 
1077	321	4 
1079	62	5 
1081	229	5 
1081	278	3 
1081	466	3 
1081	535	1 
1081	832	5 
1083	149	5 
1083	785	2 
1083	1026	2 
1084	56	5 
1085	56	5 
1086	48	5 
1086	63	5 
1086	119	5 
1086	148	5 
1086	357	5 
1086	443	5 
1086	544	5 
1086	548	5 
1086	622	5 
1087	599	4 
1088	203	4 
1088	695	5 
1088	810	5 
1091	53	3 
1091	1552	5 
1093	502	4 
1094	114	3 
1094	660	4 
1094	994	5 
1096	86	5 
1096	1337	3 
1097	153	5 
1097	883	5 
1098	384	5 
1098	862	3 
1099	992	4 
1099	1491	1 
1100	188	4 
1100	489	4 
1101	119	5 
1103	63	3 
1104	56	5 
1104	446	3 
1104	466	5 
1104	847	5 
1106	1010	5 
1107	496	5 
1107	869	3 
1107	900	4 
1108	11	5 
1108	341	4 
1108	1400	5 
1109	121	3 
1113	352	5 
1113	1033	5 
1114	935	5 
1114	1069	5 
1116	22	2 
1116	179	4 
1117	91	5 
1117	315	3 
1117	802	3 
1119	539	5 
1120	246	5 
1120	875	5 
1121	173	5 
1122	20	5 
1122	780	5 
1123	619	3 
1123	972	4 
1128	218	5 
1128	405	5 
1129	32	5 
1129	829	2 
1129	950	4 
1130	692	5 
1131	253	5 
1131	946	5 
1132	334	4 
1132	782	4 
1132	1081	5 
1132	1299	5 
1133	224	5 
1135	523	5 
1136	177	5 
1136	843	5 
1138	317	5 
1139	785	3 
1140	146	5 
1140	840	5 
1141	20	5 
1141	207	5 
1141	255	5 
1141	260	5 
1144	5	5 
1144	29	5 
1144	40	2 
1144	91	5 
1144	172	5 
1146	568	5 
1147	26	5 
1147	928	4 
1148	105	4 
1148	423	4 
1149	246	5 
1151	5	4 
1152	4	4 
1152	352	4 
1152	619	5 
1152	652	3 
1153	119	5 
1153	240	5 
1153	346	1 
1153	381	5 
1153	981	5 
1157	177	5 
1157	229	4 
1158	47	4 
1158	119	4 
1158	146	5 
1158	356	3 
1159	613	5 
1160	412	5 
1161	73	4 
1161	266	4 
1161	526	4 
1161	665	5 
1162	1217	4 
1163	10	5 
1163	139	4 
1163	182	4 
1163	206	5 
1164	717	5 
1164	1215	4 
1166	213	5 
1168	214	5 
1168	777	5 
1168	1101	5 
1168	1343	3 
1168	1393	5 
1169	112	5 
1169	650	5 
1169	790	5 
1172	1402	4 
1175	172	4 
1175	197	5 
1176	142	4 
1176	723	4 
1176	1315	3 
1177	86	4 
1177	286	4 
1177	328	4 
1177	634	4 
1178	256	4 
1178	335	3 
1178	718	4 
1180	340	5 
1181	122	3 
1181	376	4 
1182	199	4 
1182	439	2 
1183	72	5 
1185	623	5 
1187	579	5 
1188	445	5 
1188	755	4 
1189	100	4 
1189	662	3 
1189	830	3 
1190	225	4 
1190	479	5 
1190	792	5 
1191	537	3 
1192	321	5 
1192	660	3 
1192	889	5 
1193	119	5 
1197	120	5 
1197	494	4 
1197	624	5 
1199	331	4 
1200	778	4 
1201	580	5 
1201	1116	2 
1202	65	5 
1203	371	5 
1203	409	3 
1203	657	5 
1204	84	4 
1204	130	4 
1204	265	5 
1205	258	3 
1205	1332	4 
1207	814	4 
1210	138	5 
1211	122	5 
1211	834	5 
1212	593	5 
1212	1219	5 
1213	580	4 
1213	1357	5 
1215	630	4 
1215	797	5 
1217	690	5 
1220	1134	5 
1221	214	5 
1221	273	4 
1221	333	5 
1222	536	5 
1222	660	3 
1223	216	5 
1223	451	5 
1223	990	5 
1225	411	5 
1226	32	4 
1226	224	5 
1227	727	5 
1228	622	4 
1228	1131	4 
1229	40	5 
1230	1549	4 
1232	122	5 
1233	95	5 
1233	433	2 
1233	556	4 
1233	900	5 
1234	335	3 
1234	374	2 
1234	397	3 
1234	539	5 
1234	755	4 
1235	199	5 
1235	529	4 
1236	111	5 
1236	138	5 
1236	786	4 
1237	46	4 
1239	1020	5 
1240	784	5 
1242	521	3 
1242	665	5 
1243	1245	5 
1244	453	5 
1244	1159	5 
1249	256	4 
1249	273	5 
1249	281	5 
1249	286	4 
1249	556	3 
1249	1311	4 
1251	494	4 
1252	431	4 
1252	653	4 
1252	709	3 
1253	458	4 
1254	836	5 
1256	1376	3 
1257	446	1 
1258	281	5 
1260	502	5 
1262	422	5 
1264	1446	1 
1265	31	5 
1269	157	4 
1270	218	4 
1271	286	5 
1271	1491	3 
1272	900	5 
1272	1064	4 
1273	281	5 
1273	935	4 
1275	120	5 
1275	363	5 
1278	534	5 
1279	5	5 
1279	334	3 
1279	834	2 
1281	86	5 
1282	616	4 
1284	737	4 
1284	1247	4 
1285	605	3 
1285	1160	4 
1286	528	4 
1288	5	3 
1288	91	5 
1288	135	5 
1288	611	5 
1290	139	4 
1291	189	5 
1291	404	5 
1291	446	3 
1291	800	5 
1292	719	3 
1294	380	3 
1294	721	5 
1294	866	2 
1295	1499	5 
1296	122	5 
1296	225	4 
1296	428	5 
1297	47	3 
1297	324	4 
1297	325	4 
1297	333	4 
1298	357	5 
1298	914	5 
1298	1240	5 
1299	910	5 
1300	211	4 
1300	308	5 
1300	984	4 
1301	335	5 
1301	446	1 
1304	46	4 
1304	1562	5 
1306	134	5 
1306	1420	5 
1307	266	5 
1307	526	5 
1307	850	5 
1308	1282	4 
1309	800	4 
1310	441	3 
1310	489	4 
1310	504	5 
1311	410	2 
1311	1253	1 
1312	511	4 
1313	575	5 
1313	608	5 
1313	1183	4 
1314	5	3 
1314	8	4 
1314	11	4 
1314	799	4 
1314	811	4 
1315	6	5 
1318	122	5 
1318	530	4 
1319	7	5 
1319	207	5 
1320	211	5 
1321	335	4 
1322	171	5 
1322	319	5 
1322	715	4 
1325	128	4 
1325	262	5 
1325	1557	4 
1326	184	5 
1326	299	4 
1326	418	5 
1326	497	5 
1326	746	5 
1326	773	5 
1327	865	5 
1328	32	5 
1328	178	4 
1328	214	4 
1328	739	5 
1329	384	4 
1330	198	5 
1330	213	4 
1330	501	4 
1331	439	4 
1331	1457	4 
1332	370	3 
1333	164	5 
1333	175	5 
1333	381	4 
1334	32	5 
1334	106	5 
1334	146	5 
1334	850	5 
1334	1402	5 
1336	526	5 
1339	182	5 
1339	346	1 
1339	1002	5 
1340	4	4 
1342	155	5 
1342	711	1 
1343	442	4 
1344	255	5 
1344	671	5 
1344	1440	5 
1345	357	5 
1345	552	4 
1345	899	5 
1346	1245	5 
1347	74	5 
1348	260	5 
1348	984	5 
1348	1536	5 
1349	370	4 
1350	639	5 
1350	1494	5 
1351	514	4 
1351	808	4 
1353	115	4 
1353	631	5 
1354	1290	5 
1355	441	5 
1355	473	5 
1356	331	4 
1356	550	5 
1357	462	5 
1357	837	4 
1357	1010	5 
1358	168	4 
1359	498	5 
1361	28	4 
1361	622	4 
1362	110	3 
1362	240	5 
1362	305	4 
1362	381	5 
1362	421	5 
1363	126	5 
1363	881	5 
1363	1545	3 
1364	270	5 
1364	549	1 
1364	1421	1 
1365	50	5 
1365	335	5 
1365	753	5 
1366	128	4 
1366	370	5 
1366	633	5 
1369	325	5 
1369	456	4 
1369	537	5 
1369	939	4 
1370	235	4 
1370	308	5 
1370	539	4 
1370	558	3 
1370	586	4 
1370	1563	3 
1373	178	5 
1374	20	5 
1374	602	5 
1374	751	5 
1374	1100	4 
1376	727	5 
1377	844	5 
1378	80	5 
1378	268	4 
1378	410	5 
1379	1488	5 
1380	291	4 
1380	379	4 
1380	416	4 
1380	986	5 
1383	514	4 
1383	831	3 
1384	179	4 
1384	404	5 
1385	304	4 
1385	409	4 
1385	631	5 
1385	895	3 
1387	27	5 
1387	278	5 
1387	1439	1 
1389	633	4 
1390	22	3 
1390	624	4 
1392	74	5 
1394	534	4 
1395	480	5 
1397	288	4 
1398	530	4 
1399	386	4 
1399	932	5 
1399	1067	2 
1400	206	4 
1400	947	3 
1401	239	5 
1405	59	4 
1405	63	4 
1405	183	4 
1405	251	2 
1405	1545	4 
1406	285	5 
1408	31	3 
1408	165	5 
1408	179	5 
1408	199	3 
1408	708	4 
1409	113	5 
1409	343	5 
1409	366	5 
1409	433	5 
1411	98	3 
1411	183	5 
1411	424	5 
1411	657	5 
1412	166	5 
1413	125	5 
1415	138	4 
1416	203	4 
1416	380	3 
1416	497	4 
1416	562	4 
1417	496	4 
1417	1519	4 
1418	325	4 
1419	7	5 
1419	714	5 
1420	706	5 
1420	1086	5 
1421	56	5 
1421	634	3 
1421	788	5 
1421	864	4 
1421	1113	4 
1423	1517	5 
1428	295	4 
1428	403	4 
1429	728	5 
1429	1067	5 
1430	32	5 
1431	260	5 
1431	564	4 
1432	158	5 
1433	391	5 
1433	601	5 
1434	1	4 
1434	46	5 
1434	830	5 
1435	177	4 
1435	1080	5 
1436	381	3 
1436	554	4 
1436	1128	3 
1437	135	5 
1437	302	5 
1437	1328	5 
1438	105	5 
1439	894	5 
1442	256	5 
1444	283	4 
1444	689	3 
1445	181	5 
1446	572	5 
1447	264	5 
1447	1028	5 
1448	237	5 
1452	110	5 
1453	66	4 
1453	74	3 
1453	571	1 
1453	1368	3 
1454	296	3 
1455	229	5 
1455	655	4 
1455	1252	4 
1457	203	2 
1457	285	5 
1457	410	5 
1458	256	5 
1459	124	4 
1459	390	3 
1460	183	4 
1460	560	3 
1460	1019	5 
1461	25	3 
1461	755	5 
1461	967	5 
1462	506	5 
1464	616	2 
1465	214	5 
1466	136	5 
1466	302	5 
1466	511	5 
1466	615	5 
1466	901	5 
1466	1067	4 
1467	576	1 
1467	749	4 
1469	433	3 
1470	91	4 
1470	197	4 
1470	370	4 
1471	571	5 
1475	76	5 
1475	1150	5 
1476	325	4 
1478	27	5 
1478	117	5 
1478	802	4 
1479	167	3 
1479	410	5 
1480	403	5 
1480	1455	5 
1480	1561	5 
1481	735	4 
1482	1312	4 
1483	360	4 
1483	369	4 
1483	540	5 
1484	262	3 
1486	67	4 
1487	228	4 
1488	364	5 
1488	863	4 
1489	152	5 
1489	594	4 
1489	684	4 
1489	964	4 
1492	188	4 
1495	1007	4 
1497	799	4 
1498	26	4 
1498	635	5 
1498	689	5 
1499	608	5 
1500	124	5 
1500	131	3 
1500	715	5 
1500	850	3 
1502	122	5 
1502	946	3 
1503	361	5 
1503	767	5 
1504	761	5 
1505	166	5 
1505	293	4 
1505	356	4 
1505	1341	5 
1506	1138	4 
1508	184	4 
1508	203	3 
1509	26	5 
1511	812	5 
1512	182	5 
1512	834	4 
1513	53	5 
1514	1262	5 
1515	433	5 
1517	237	5 
1517	439	5 
1518	122	3 
1518	530	5 
1521	470	5 
1523	228	5 
1523	324	5 
1523	471	5 
1523	1317	5 
1524	118	5 
1524	308	3 
1524	660	4 
1525	5	5 
1525	967	5 
1526	316	5 
1526	323	4 
1527	294	5 
1527	850	5 
1528	182	5 
1528	213	5 
1529	31	4 
1529	677	5 
1530	616	4 
1531	950	4 
1532	128	5 
1532	388	4 
1533	115	5 
1533	847	3 
1534	673	2 
1536	38	4 
1536	142	4 
1536	538	5 
1536	677	5 
1536	1128	5 
1538	683	5 
1539	186	4 
1539	555	4 
1540	170	4 
1541	260	5 
1541	812	3 
1544	247	3 
1544	443	5 
1544	465	5 
1544	1120	3 
1545	20	5 
1545	123	5 
1545	798	4 
1546	1295	5 
1547	98	2 
1548	1361	5 
1551	1464	4 
1554	21	4 
1554	215	3 
1554	505	4 
1555	39	5 
1555	63	4 
1556	613	3 
1557	263	4 
1557	526	5 
1559	505	4 
1559	611	3 
1564	624	4 
1564	641	4 
1565	255	4 
1565	615	4 
1568	145	5 
1569	558	5 
1570	179	3 
1574	718	5 
1575	416	5 
1577	255	4 
1577	369	4 
1578	56	5 
1578	344	3 
1580	766	4 
1580	806	4 
1581	27	5 
1581	523	5 
1583	541	5 
1586	833	2 
1587	304	5 
1588	5	3 
1589	698	5 
1590	1456	4 
1590	1530	5 
1591	101	5 
1591	761	5 
1592	368	4 
1592	1465	5 
1594	1202	5 
1595	72	4 
1595	832	4 
1597	902	5 
1600	117	3 
1600	211	5 
1601	71	5 
1602	956	5 
1603	47	5 
1603	166	3 
1603	553	2 
1603	773	2 
1603	798	2 
1604	530	2 
1604	671	5 
1608	482	2 
1610	115	5 
1610	423	5 
1611	80	5 
1612	54	5 
1612	655	4 
1612	728	5 
1612	905	4 
1613	425	5 
1613	1010	4 
1614	229	5 
1615	1010	5 
1616	819	5 
1617	1338	4 
1619	860	5 
1620	1	5 
1620	11	4 
1620	637	5 
1620	999	4 
1621	1011	5 
1622	262	5 
1622	588	5 
1623	211	5 
1623	412	4 
1623	685	5 
1625	184	5 
1625	293	5 
1626	133	5 
1626	204	4 
1626	1151	3 
1626	1408	1 
1627	162	5 
1627	316	5 
1627	438	5 
1629	104	5 
1630	156	3 
1633	222	1 
1634	168	5 
1634	482	4 
1635	937	5 
1637	48	4 
1637	1154	5 
1640	501	5 
1641	291	5 
1641	335	5 
1641	502	5 
1642	39	1 
1642	143	4 
1643	22	5 
1645	32	5 
1645	119	4 
1645	379	5 
1646	278	4 
1646	1564	5 
1647	1113	3 
1648	523	4 
1649	1097	5 
1649	1247	4 
1650	135	5 
1650	1069	5 
1650	1208	5 
1654	413	4 
1654	462	5 
1656	914	4 
1657	439	5 
1658	5	5 
1658	340	5 
1658	341	5 
1658	356	5 
1662	441	5 
1662	540	5 
1662	684	4 
1663	2	5 
1663	361	4 
1663	564	4 
1663	812	4 
1663	935	5 
1665	97	3 
1665	129	5 
1667	281	5 
1667	441	5 
1669	158	5 
1670	240	5 
1671	664	5 
1672	629	5 
1672	848	5 
1675	417	5 
1675	917	5 
1676	217	5 
1676	1362	5 
1676	1388	5 
1677	98	5 
1677	117	4 
1680	58	4 
1680	113	4 
1680	475	3 
1681	198	4 
1683	1069	5 
1683	1126	5 
1686	466	4 
1686	1076	4 
1687	631	5 
1687	1179	5 
1688	1187	2 
1689	215	5 
1689	456	5 
1689	556	5 
1689	602	5 
1690	400	4 
1691	7	5 
1692	100	5 
1692	203	3 
1693	179	5 
1693	201	5 
1694	322	4 
1694	362	4 
1697	291	4 
1698	400	2 
1698	418	5 
1698	654	4 
1698	1363	5 
1698	1468	4 
1699	21	4 
1700	177	5 
1700	1037	5 
1701	410	5 
1703	91	5 
1705	1268	5 
1707	382	5 
1708	216	5 
1708	1073	5 
1709	580	5 
1710	98	3 
1711	105	4 
1711	388	5 
1711	521	5 
1713	646	3 
1715	302	5 
1715	322	5 
1716	64	4 
1716	467	4 
1717	101	5 
1718	179	3 
1718	184	5 
1719	998	3 
1723	369	5 
1723	803	5 
1724	56	5 
1727	435	5 
1727	534	5 
1728	1270	5 
1729	108	5 
1729	792	5 
1732	120	5 
1733	609	4 
1734	883	5 
1734	1231	5 
1735	524	5 
1737	104	5 
1737	374	5 
1737	446	2 
1738	175	4 
1738	595	5 
1739	667	5 
1739	1178	4 
1740	98	5 
1740	172	4 
1740	348	4 
1740	500	4 
1740	787	4 
1741	1226	5 
1742	66	4 
1743	12	5 
1743	56	5 
1743	86	5 
1743	110	5 
1743	592	5 
1744	878	5 
1745	529	5 
1745	1010	5 
1746	1	2 
1746	10	4 
1746	507	5 
1746	1008	5 
1746	1075	5 
1747	457	5 
1747	865	4 
1747	1231	5 
1747	1474	5 
1751	1247	5 
1752	240	4 
1755	158	5 
1756	229	4 
1756	397	5 
1756	410	3 
1759	826	5 
1759	1434	4 
1760	410	5 
1763	1068	3 
1765	726	3 
1766	1453	5 
1767	465	4 
1767	603	4 
1767	779	3 
1769	21	5 
1769	233	5 
1769	420	4 
1769	1115	5 
1770	572	5 
1771	530	4 
1771	649	5 
1771	1388	5 
1771	1548	5 
1772	221	3 
1772	454	3 
1772	672	4 
1772	724	5 
1776	780	3 
1777	34	4 
1778	32	4 
1778	433	3 
1779	465	5 
1779	1406	5 
1783	1490	3 
1786	803	5 
1787	1050	5 
1788	682	4 
1788	1027	4 
1789	256	4 
1789	622	4 
1790	350	5 
1791	641	5 
1793	915	4 
1795	240	5 
1797	103	4 
1797	507	4 
1797	815	4 
1797	1331	4 
1801	564	4 
1801	1023	5 
1801	1053	5 
1803	8	4 
1803	218	4 
1803	333	5 
1808	1288	5 
1811	101	5 
1811	124	2 
1811	325	5 
1812	27	4 
1812	476	4 
1812	655	5 
1813	981	2 
1813	1368	5 
1815	833	5 
1816	528	4 
1816	1038	2 
1817	446	4 
1818	32	5 
1818	58	5 
1818	594	3 
1819	98	1 
1821	555	5 
1824	10	4 
1824	1333	4 
1825	741	4 
1826	425	4 
1826	900	5 
1827	38	5 
1828	1019	5 
1829	485	4 
1831	421	4 
1832	149	5 
1832	189	5 
1832	203	5 
1832	388	5 
1833	273	3 
1835	28	4 
1835	535	2 
1835	787	5 
1836	66	4 
1836	686	5 
1837	1560	5 
1838	554	5 
1838	818	5 
1839	28	5 
1839	501	5 
1840	867	5 
1840	1185	5 
1840	1381	5 
1841	494	4 
1841	955	5 
1843	128	5 
1843	188	5 
1844	99	5 
1844	122	5 
1845	249	5 
1845	773	2 
1846	149	5 
1846	267	5 
1846	1337	4 
1846	1515	5 
1847	11	5 
1847	514	3 
1847	983	5 
1848	170	5 
1848	983	5 
1851	1288	4 
1851	1494	3 
1852	1512	5 
1852	1562	5 
1853	424	2 
1853	446	2 
1854	677	4 
1855	911	4 
1855	1366	4 
1856	39	4 
1856	315	5 
1859	122	4 
1859	259	5 
1859	291	4 
1859	494	3 
1861	1094	4 
1861	1349	4 
1861	1483	4 
1864	128	4 
1864	677	4 
1864	1312	4 
1865	146	5 
1865	732	5 
1867	598	5 
1869	21	4 
1869	1043	4 
1870	729	3 
1871	426	5 
1873	800	5 
1873	1541	4 
1874	122	3 
1874	202	4 
1874	286	5 
1879	613	4 
1881	152	5 
1882	1493	4 
1884	746	5 
1884	768	5 
1885	545	5 
1886	813	5 
1888	13	3 
1888	261	5 
1891	21	5 
1892	433	5 
1894	480	4 
1894	518	5 
1896	299	5 
1896	357	5 
1896	446	3 
1897	34	3 
1897	1381	1 
1899	1274	5 
1900	262	5 
1900	335	5 
1900	356	4 
1900	646	2 
1900	869	3 
1901	280	5 
1903	178	5 
1905	260	4 
1906	550	5 
1907	763	5 
1909	588	5 
1909	1058	5 
1912	332	2 
1913	181	5 
1913	820	5 
1914	202	5 
1914	564	4 
1915	529	5 
1915	641	5 
1916	503	1 
1916	520	1 
1917	193	2 
1917	237	5 
1917	389	4 
1917	575	5 
1917	788	5 
1921	237	4 
1921	356	5 
1923	51	5 
1923	67	5 
1924	172	5 
1924	433	3 
1925	144	5 
1927	136	3 
1927	1018	3 
1928	493	4 
1929	330	5 
1929	502	5 
1929	1172	5 
1929	1394	5 
1930	228	4 
1930	482	4 
1932	128	5 
1933	179	5 
1934	630	4 
1935	80	5 
1935	376	5 
1936	996	5 
1937	391	5 
1937	622	5 
1938	1058	5 
1939	38	5 
1942	1100	3 
1943	466	5 
1944	630	5 
1945	97	5 
1945	206	5 
1945	388	5 
1945	681	5 
1946	863	5 
1947	303	4 
1947	507	5 
1947	751	5 
1947	775	5 
1948	402	4 
1950	456	5 
1952	315	5 
1952	329	3 
1952	1377	5 
1953	1463	2 
1954	1	4 
1954	172	2 
1954	913	5 
1956	178	5 
1956	224	4 
1956	273	4 
1957	400	4 
1957	475	2 
1957	787	5 
1959	923	5 
1961	575	5 
1962	88	5 
1962	778	5 
1963	292	5 
1963	526	5 
1963	1010	4 
1964	410	5 
1965	366	5 
1965	788	4 
1965	1198	4 
1966	588	5 
1966	1019	5 
1970	1128	5 
1970	1507	5 
1972	592	5 
1974	369	5 
1974	1123	4 
1975	286	5 
1975	325	5 
1975	526	5 
1975	530	4 
1977	471	5 
1977	816	4 
1977	1462	5 
1979	292	3 
1979	414	4 
1980	120	5 
1980	205	5 
1981	551	4 
1981	1378	5 
1981	1546	4 
1982	662	4 
1983	1222	5 
1984	410	3 
1984	1143	3 
1985	1265	5 
1986	206	4 
1986	981	4 
1989	894	5 
1990	1482	5 
1992	218	5 
1992	301	4 
1993	299	5 
1994	291	4 
1994	348	4 
1994	832	4 
1994	1417	3 
1995	220	5 
1996	615	4 
1998	364	5 
1998	883	1 
2000	1570	5 
2001	1002	4 
2002	472	5 
2002	588	4 
2002	608	5 
2002	1006	5 
2002	1414	5 
2003	920	5 
2004	206	5 
2005	147	5 
2006	46	3 
2006	616	3 
2006	1267	4 
2008	1506	3 
2009	211	5 
2009	439	5 
2011	380	5 
2012	848	5 
2013	1206	5 
2016	924	5 
2018	146	5 
2020	599	2 
2023	818	5 
2023	900	5 
2024	439	5 
2024	630	5 
2024	816	4 
2026	464	3 
2027	533	5 
2027	987	5 
2028	16	5 
2028	1237	5 
2028	1421	5 
2030	541	5 
2030	581	5 
2030	1556	5 
2031	524	5 
2032	522	4 
2032	1296	4 
2033	441	5 
2036	151	4 
2039	199	5 
2039	424	5 
2039	600	4 
2040	115	5 
2040	356	3 
2041	23	4 
2041	260	4 
2041	855	4 
2042	143	5 
2042	439	4 
2043	15	1 
2043	325	5 
2043	391	5 
2043	464	5 
2044	451	5 
2044	941	5 
2045	119	5 
2045	665	4 
2047	627	5 
2049	322	5 
2050	619	5 
2051	197	3 
2051	240	5 
2054	256	5 
2054	501	5 
2054	633	3 
2055	773	4 
2056	304	4 
2057	781	1 
2057	952	5 
2058	936	3 
2059	641	5 
2059	682	4 
2062	325	5 
2064	173	5 
2065	56	5 
2065	80	5 
2066	387	3 
2067	394	3 
2067	1398	4 
2069	9	1 
2069	26	5 
2069	656	5 
2069	1060	3 
2070	1208	4 
2071	331	5 
2071	455	4 
2072	1193	5 
2073	295	4 
2073	847	4 
2073	906	3 
2076	114	4 
2076	122	5 
2076	869	5 
2077	593	5 
2079	1211	5 
2080	335	4 
2080	800	4 
2080	1315	2 
2081	437	1 
2082	867	5 
2083	170	4 
2084	325	5 
2086	259	4 
2086	356	5 
2086	548	4 
2086	956	5 
2089	394	5 
2091	586	5 
2092	335	5 
2093	1286	2 
2094	122	5 
2095	167	4 
2095	437	5 
2096	1020	5 
2097	182	3 
2098	1495	5 
2099	41	5 
2099	136	5 
2099	182	5 
2099	291	5 
2099	1411	5 
2100	95	4 
2101	1317	4 
2102	520	5 
2102	702	5 
2104	74	3 
2105	1456	4 
2107	325	5 
2107	751	5 
2107	810	5 
2107	1145	3 
2108	256	5 
2108	304	5 
2114	360	3 
2115	117	5 
2115	190	3 
2115	1143	3 
2116	1058	5 
2117	657	4 
2117	662	4 
2118	1047	4 
2120	122	5 
2120	490	1 
2121	30	4 
2121	239	5 
2121	577	5 
2122	220	5 
2122	596	4 
2123	5	5 
2125	56	5 
2128	19	5 
2128	1013	4 
2132	271	4 
2132	577	5 
2132	1314	5 
2133	38	5 
2134	22	3 
2135	1393	5 
2136	356	2 
2136	441	5 
2137	478	4 
2137	773	2 
2137	1029	5 
2139	787	4 
2140	918	5 
2143	651	5 
2143	1475	5 
2144	55	5 
2145	118	5 
2147	179	5 
2147	326	5 
2148	47	4 
2150	56	5 
2150	1063	4 
2151	556	4 
2151	718	4 
2151	773	4 
2153	133	5 
2155	123	3 
2155	142	4 
2155	186	4 
2156	200	5 
2156	321	5 
2156	588	5 
2157	943	4 
2157	1410	5 
2161	670	4 
2164	9	2 
2165	272	2 
2166	421	3 
2168	100	3 
2168	223	5 
2169	667	5 
2170	1568	4 
2172	1108	5 
2173	738	5 
2174	224	5 
2175	1453	4 
2176	286	5 
2176	1550	4 
2177	1494	5 
2178	395	5 
2179	112	5 
2179	425	5 
2179	1407	5 
2180	175	3 
2180	440	4 
2180	500	5 
2181	90	5 
2182	20	5 
2184	443	4 
2187	91	4 
2189	202	3 
2192	42	4 
2193	224	5 
2193	279	2 
2193	287	4 
2193	1429	4 
2194	47	5 
2194	569	5 
2195	1035	5 
2196	38	5 
2196	78	2 
2196	182	4 
2199	694	4 
2199	714	5 
2199	1105	5 
2200	428	5 
2200	1034	5 
2201	643	1 
2201	1187	3 
2204	101	4 
2204	1082	4 
2204	1087	4 
2206	7	4 
2207	918	5 
2207	1058	5 
2209	117	5 
2210	769	1 
2212	339	4 
2213	38	5 
2213	119	5 
2216	521	5 
2217	935	3 
2219	240	5 
2220	128	4 
2220	275	5 
2220	352	5 
2221	1532	5 
2222	655	4 
2222	932	4 
2222	1402	3 
2223	1035	5 
2224	16	1 
2226	976	5 
2227	931	5 
2228	1239	5 
2229	1256	5 
2230	110	5 
2230	206	5 
2231	179	4 
2231	203	4 
2232	410	4 
2232	466	4 
2235	149	5 
2235	653	3 
2235	657	5 
2236	437	5 
2239	257	5 
2239	382	5 
2240	186	5 
2240	199	5 
2240	391	5 
2240	601	4 
2242	1441	5 
2244	164	5 
2244	183	5 
2245	49	5 
2248	771	5 
2249	1291	5 
2251	564	4 
2252	1010	5 
2253	1126	5 
2253	1150	5 
2255	669	4 
2257	1497	5 
2258	60	5 
2259	1269	4 
2261	1443	5 
2261	1535	4 
2262	124	5 
2262	1258	5 
2263	376	5 
2265	698	2 
2267	1325	2 
2268	461	3 
2268	863	5 
2268	1516	5 
2269	655	4 
2269	1482	4 
2271	95	5 
2272	1132	5 
2275	496	5 
2277	5	3 
2278	871	5 
2278	1246	4 
2279	281	5 
2279	527	5 
2279	950	5 
2281	350	5 
2281	1317	5 
2283	1006	5 
2284	540	4 
2285	249	5 
2285	880	5 
2285	930	5 
2286	120	5 
2288	1319	5 
2288	1357	1 
2289	75	5 
2289	245	5 
2289	655	5 
2290	473	5 
2295	256	4 
2295	635	5 
2299	178	4 
2300	581	5 
2302	120	5 
2302	410	5 
2302	425	5 
2302	447	4 
2302	461	5 
2303	932	3 
2304	120	4 
2306	308	5 
2309	257	5 
2310	1062	4 
2311	1355	5 
2312	1105	5 
2312	1308	5 
2314	210	5 
2318	1063	1 
2320	780	3 
2321	1459	5 
2324	872	5 
2325	1148	5 
2325	1390	5 
2326	1027	5 
2327	396	4 
2329	1509	5 
2331	622	4 
2331	1120	2 
2333	543	4 
2334	1207	5 
2336	298	4 
2338	524	5 
2339	253	5 
2343	46	4 
2343	64	5 
2343	110	5 
2346	690	5 
2348	103	5 
2348	850	5 
2349	1008	5 
2350	1058	2 
2350	1279	4 
2351	401	5 
2351	530	3 
2352	394	5 
2353	1114	5 
2353	1203	5 
2354	217	5 
2356	1463	5 
2358	769	5 
2359	653	4 
2359	1410	5 
2360	1423	5 
2362	1424	5 
2364	274	4 
2365	166	2 
2367	1247	5 
2368	211	4 
2368	432	4 
2369	1271	5 
2370	1440	5 
2372	849	5 
2372	875	5 
2374	357	5 
2374	938	3 
2378	711	4 
2378	1520	4 
2379	973	5 
2380	107	5 
2382	667	5 
2383	1095	4 
2384	1105	5 
2385	1408	5 
2386	312	1 
2386	367	4 
2386	1491	5 
2388	719	5 
2388	912	5 
2390	1384	5 
2392	59	5 
2393	593	5 
2394	1386	4 
2396	425	5 
2396	1045	5 
2397	369	5 
2398	1449	5 
2400	72	4 
2400	858	5 
2401	1381	4 
2402	242	5 
2404	1219	5 
2407	567	5 
2407	858	4 
2410	1411	3 
2411	735	3 
2412	1445	4 
2414	1031	5 
2416	219	5 
2417	766	4 
2417	1415	3 
2418	554	5 
2418	756	5 
2418	1177	5 
2419	286	5 
2420	1564	5 
2424	730	2 
2425	1387	5 
2426	729	3 
2427	516	5 
2427	554	5 
2428	382	5 
2428	387	5 
2429	411	5 
2429	1274	5 
2430	1057	5 
2430	1450	5 
2430	1482	5 
2431	1035	5 
2431	1535	5 
2432	140	5 
2432	1085	5 
2433	430	4 
2433	675	5 
2434	1460	5 
2435	231	5 
2435	558	4 
2435	1000	5 
2436	112	5 
2436	1110	5 
2436	1278	5 
2437	1458	5 
2439	394	5 
2442	499	5 
2443	635	3 
2444	924	5 
2444	980	4 
2445	1155	5 
2445	1334	5 
2446	576	1 
2446	1288	5 
2447	690	5 
2447	1535	5 
