48
11
418
377
792
354
97
87
338
882
535
283
9
909
490
864
52
833
603
659
894
785
636
463
25
168
226
910
469
472
300
114
662
694
381
32
171
200
911
365
394
766
179
122
689
19
146
261
412
380
817
352
102
422
29
770
505
517
96
729
225
595
318
264
483
105
101
349
299
408
465
823
30
243
881
204
929
406
50
545
53
448
180
647
192
215
698
504
815
240
702
69
940
434
655
3
51
368
460
398
194
233
856
578
1
18
931
456
435
594
362
291
652
147
27
317
895
83
284
193
579
748
20
47
23
123
79
471
820
348
383
379
596
259
347
916
449
478
488
822
673
214
677
570
2
63
700
173
855
305
197
138
24
119
813
423
395
562
353
151
714
274
561
93
184
189
89
591
455
6
76
721
17
74
617
112
388
49
107
176
551
693
345
415
687
44
400
667
407
399
557
892
288
760
723
644
696
59
343
166
206
849
475
369
386
336
337
477
558
658
544
458
555
933
205
210
569
100
581
790
853
21
66
262
928
4
130
208
374
922
70
661
149
623
896
533
421
791
268
511
552
113
185
491
880
625
162
73
8
223
771
62
832
701
289
514
378
161
862
84
209
35
202
355
794
811
672
116
373
876
768
285
705
649
315
903
889
498
754
585
140
77
103
904
109
402
878
392
174
278
728
271
937
108
675
593
117
366
485
747
858
786
761
834
372
587
621
34
340
438
773
308
436
715
239
15
871
920
245
532
751
877
818
38
175
845
61
540
158
213
376
640
938
228
313
627
857
669
798
28
216
287
574
900
393
543
14
219
844
637
821
645
462
88
646
789
459
713
270
486
40
85
257
198
523
510
650
145
799
45
211
135
506
493
410
133
95
367
734
868
328
413
590
767
229
142
160
358
784
339
250
755
39
550
565
726
111
181
419
99
125
10
425
605
428
451
518
153
539
57
227
932
26
231
566
717
860
642
150
461
466
745
924
126
249
496
571
941
787
120
220
577
606
634
155
294
639
660
870
907
473
501
825
935
236
433
756
780
863
302
387
286
783
495
500
839
156
335
221
804
497
656
722
826
872
424
796
807
232
341
538
360
624
643
190
224
218
359
163
854
12
417
450
37
94
344
584
899
164
244
332
222
522
547
681
16
106
327
401
781
86
427
599
802
55
191
281
588
375
503
742
152
165
212
363
121
312
429
515
635
0
307
609
628
541
297
311
432
865
364
556
918
128
183
330
801
263
444
610
806
442
464
513
36
241
306
838
43
453
92
600
132
746
890
479
665
842
906
382
810
843
54
82
580
816
867
91
568
33
134
487
507
692
830
170
292
703
891
793
251
323
508
861
129
763
426
441
631
695
68
710
58
420
648
936
320
397
837
157
187
685
704
148
182
546
598
739
536
737
64
527
98
124
295
454
110
136
139
446
758
41
137
346
671
884
927
252
411
416
666
738
293
915
923
326
72
199
256
350
389
390
534
750
819
13
42
80
481
730
778
835
499
572
118
237
304
310
405
445
573
744
831
852
246
324
512
720
248
282
357
531
560
917
141
489
582
733
736
177
321
396
521
542
115
207
492
614
60
674
731
776
654
663
775
921
272
351
494
528
529
795
276
325
657
752
334
586
691
709
743
298
437
759
67
234
632
827
314
371
525
684
764
888
901
431
564
602
616
260
333
601
762
266
267
457
769
912
430
468
502
913
230
772
814
879
908
309
403
592
630
740
803
885
893
56
238
683
686
131
530
613
939
31
279
331
482
537
563
851
5
104
273
391
576
607
608
619
626
749
774
777
779
800
875
919
172
439
604
680
840
847
81
254
520
725
848
886
897
144
356
440
549
651
724
71
664
670
782
812
902
258
553
668
808
65
169
186
201
247
409
526
622
707
712
78
159
280
524
653
711
788
828
850
90
404
914
253
342
509
519
583
597
615
676
727
735
757
805
841
883
873
874
925
235
589
887
178
217
316
467
612
679
716
718
809
699
765
926
611
753
836
319
361
480
846
290
301
329
443
447
629
905
516
708
824
869
196
265
143
195
242
188
829
255
942
277
