user_id
122
903
1927
2545
2597
2618
2647
2976
3013
3027
3128
3985
4778
4007
1847
3038
3413
3883
3882
2804
2683
221
2612
3228
1049
1812
3002
3718
3327
3493
4754
5443
308
4725
2933
1876
2628
3044
3048
2447
3029
4758
1787
2534
2852
3538
3622
5587
3485
2930
4524
3484
2557
2860
3503
2639
886
3350
888
2009
72
2694
3693
3897
4395
2416
44
408
1826
2988
2992
3227
3894
2338
4511
1351
1804
31
407
953
1083
2467
5038
5336
36
4
2379
4485
2662
1813
2491
718
2652
3700
1882
3301
4280
2468
1699
1842
1878
2472
2658
2673
3973
4415
4729
4735
5079
3046
3848
438
4379
197
1697
1849
2700
3870
140
1157
3879
2373
572
1923
1929
2391
2630
2744
2812
3208
3335
4497
4734
4749
5062
270
2629
4090
3466
1831
224
4486
708
1216
2349
2698
3486
3572
3691
3838
3885
4291
4417
4444
4783
3153
379
885
1461
1703
2008
3896
3627
0
1011
1805
2681
2829
4756
3495
28
1772
3552
3554
3664
3853
4418
4780
5603
2669
186
402
1851
2289
195
1751
3658
5313
3468
3999
2621
3049
3166
4507
1930
239
5211
1688
1789
1856
2038
2646
2692
2818
3127
3155
3958
4494
4724
1857
2636
4091
3132
951
1632
2449
2498
3504
5416
748
1800
4419
599
909
1987
2613
2728
2991
3500
3959
4257
4744
3881
241
2674
2684
2809
3819
4006
4512
4672
4979
1955
4292
3509
1846
1966
3260
4513
4719
5203
5360
1035
1779
2217
2322
1710
1875
2644
2805
18
92
2689
157
2686
1901
2003
2670
42
1733
1802
1784
3129
142
1780
3502
4373
4723
1947
2806
2661
4480
422
19
215
967
1470
1746
1801
1834
1864
1897
1933
2213
2382
2474
2476
2634
2651
2675
3306
3346
3460
3467
4476
4504
4753
5032
725
2641
3131
3191
3043
3499
4098
1749
2576
3407
4503
4732
5365
3481
5268
354
100
3318
4383
4451
183
339
509
525
784
2002
3186
3507
3511
3680
3880
4479
4509
1922
4279
2464
204
2375
3457
1753
2685
246
1015
1536
2061
3843
2624
3696
4337
5600
1788
77
176
1138
2782
2999
3217
3286
3322
3449
3822
4104
4482
4484
5153
2817
2832
3877
1872
2385
110
1696
2473
2619
309
1755
2381
293
1706
1808
1888
1900
1905
1913
2366
2657
2811
3517
3866
4284
4517
5367
5610
1778
2633
478
3469
4722
20
874
2977
3258
5289
1750
1543
3833
4026
5048
5167
1409
3505
182
5002
2663
2668
196
753
1931
2345
2388
2439
2460
3147
3211
5212
3130
3840
5057
188
75
184
2785
3705
3827
1240
2783
3872
4375
3175
4508
108
25
1968
2533
2199
368
728
296
3668
30
67
181
269
325
356
782
1062
1532
1793
2500
2620
2623
2625
2655
2985
3069
3141
3304
3483
3526
3711
3735
3865
3966
4032
4317
4332
4357
4361
4495
4499
4743
4755
4864
5391
5489
1767
388
1686
137
2665
362
1795
2392
2895
1950
4277
4500
5430
71
2380
319
1879
386
645
5380
1155
1951
3465
3524
4713
1948
2051
2875
3645
33
1107
1830
4460
4521
2677
774
1799
1858
2352
2384
3282
3712
4089
4388
4522
4997
5238
5340
217
1785
59
2106
641
2718
3213
97
3960
5235
4981
2614
3862
64
101
337
1497
1511
1747
1816
1910
232
4498
377
2239
3106
3231
3871
3458
3734
2643
2823
3212
998
2359
370
65
95
358
2389
4808
345
1867
1040
1681
3695
2863
175
2660
3
212
286
855
1143
1843
2462
2659
2774
3021
3265
3707
3815
3828
3839
5061
5327
1730
148
2664
3704
2667
69
2632
1770
1783
3343
4086
1953
4100
4290
297
1427
1906
2608
3474
4396
4481
4727
5411
3479
3892
942
1853
2540
3183
3829
3884
4501
1908
1871
3291
316
34
398
99
423
1003
1473
1508
1920
2078
2478
2617
2682
3452
5098
2432
372
3864
4731
74
1055
3143
5172
4085
146
4863
1700
1402
4489
413
854
2116
2308
2481
2609
2799
3292
3448
3459
3701
4492
4751
2626
324
261
3453
4441
2374
1960
2955
3378
3490
53
330
380
1361
1977
2479
2590
3190
3402
3560
3596
4352
2867
1392
364
2087
1898
2469
4777
2788
3297
3377
3654
3689
4187
4523
4737
4231
350
1227
3272
2637
3821
3859
284
3450
394
1740
2324
3137
1919
2653
2383
2397
2465
4096
4315
5423
2654
2124
4648
4741
1563
11
2395
51
342
1334
906
3876
145
5004
2438
2810
136
190
546
955
973
1116
1418
1807
1833
1837
1861
1885
1895
1918
2062
2362
2396
2443
2482
2487
2495
2509
2530
2592
2642
2649
2656
2803
2883
2975
2995
3118
3185
3214
3257
3415
3501
3508
3618
3719
3837
3845
3855
3899
3965
3976
3987
4095
4102
4203
4333
4390
4519
4520
4696
4747
4750
4798
4847
5182
5210
5220
5242
5516
233
1850
1203
3543
2615
2247
2815
2696
472
2741
2156
2819
210
769
2645
3332
2305
3210
4219
93
2687
3510
4506
5410
403
3849
2877
3279
4402
3817
5158
512
841
1829
2408
3007
3699
3953
4563
3376
4248
1742
417
2372
1771
636
2640
3437
533
659
1243
1499
1671
2104
2405
2825
3199
3673
3733
3816
4092
4254
4272
5276
5445
1338
3119
3861
5569
1199
2148
2334
2594
3020
3124
3222
3246
4027
4270
4421
4496
5070
2826
1891
55
1765
2461
1522
4574
4726
5249
2561
2093
2014
2269
3823
1714
4409
2442
121
78
194
226
745
838
1235
1472
1745
2174
2350
2490
3126
3171
3207
3218
3353
3421
3478
3482
3659
4256
4346
4736
4828
4879
5396
5407
5623
3835
1525
2580
915
24
2220
2704
3463
873
879
1718
3113
1669
2911
4188
4374
5033
2588
1721
90
4087
573
867
1433
1642
1673
1827
2111
2364
2430
4728
5352
167
1859
711
992
5023
3722
3852
3854
3878
9
3024
4294
2074
2528
4786
435
2288
2063
2808
4022
98
111
326
450
1103
1172
2989
3239
3308
3586
3690
3955
4025
4411
5283
54
5463
323
2802
5164
1734
2169
3221
4427
4505
4593
5065
2767
87
2874
234
1343
1664
2317
2622
2738
2983
2798
1122
3588
3703
3889
1958
2114
5286
2800
1611
207
3825
1976
4101
2814
86
41
307
778
956
1041
1382
1413
1527
1902
2036
2140
2531
2752
2831
2857
2982
3201
3661
3874
4491
4528
4567
4663
5346
5575
5619
1945
5204
1066
1868
2967
3045
3489
199
2529
2801
5045
1350
3945
4094
114
1586
1978
4222
615
1092
1380
1794
3868
3869
2666
2475
2786
2445
2984
3125
4720
1175
5361
132
243
652
1315
1411
2486
2820
3480
4805
5461
