user_id
3916
4135
4310
4349
4854
4872
4893
4972
4985
5005
5196
5408
5562
5609
2406
5228
2282
555
889
2339
4624
353
591
762
1038
1410
1455
1614
2342
2753
3749
3784
3980
4114
4438
4465
4558
4943
5168
5573
919
604
794
4697
5304
2065
631
1442
4861
5458
4175
10
1027
1557
1599
2749
3397
3629
3739
4064
4620
4685
5341
3444
3771
5465
2301
2900
3863
4276
5179
1076
823
1446
214
272
1518
3255
5462
2297
5441
3366
632
1238
2161
3805
3996
4609
1924
4148
4168
2595
440
1633
2981
2337
4278
5528
1972
4164
3379
646
4143
2226
3018
166
395
5299
265
1225
2965
3917
4120
517
710
63
367
4073
2287
1573
216
427
444
634
638
720
730
779
843
875
880
938
974
1016
1044
1086
1121
1135
1232
1237
1263
1272
1339
1347
1368
1370
1513
1514
1534
1591
1741
1752
1796
1903
2141
2212
2321
2343
2574
2739
2833
2873
2946
3056
3081
3107
3187
3251
3323
3334
3370
3512
3513
3534
3685
3948
4117
4139
4140
4249
4251
4301
4323
4425
4442
4456
4542
4561
4583
4748
4792
4818
4867
4886
4891
4898
4918
4953
5043
5069
5104
5143
5156
5170
5174
5382
5404
5449
5508
5594
5620
540
2899
1048
4160
4304
139
995
2355
2080
3742
1529
5330
3789
4462
5105
391
3067
4471
382
798
869
5413
2077
2719
1265
1873
3062
5456
280
1275
1208
4399
1230
5338
5373
4541
749
4630
5088
5257
2850
1652
746
4159
2837
3764
4076
5345
5591
1223
4829
1065
1983
3090
4330
4681
4894
5178
5284
5294
274
2200
5019
5230
5427
4622
483
803
835
985
1449
1538
3990
4211
4470
4603
4820
4906
5567
836
4124
917
3993
3904
5457
1245
5097
550
688
789
861
1113
1479
2275
2520
3259
3801
4045
4165
4205
4221
4916
5120
5148
5312
5469
5482
117
457
4264
381
524
1559
3772
4002
4533
2847
169
868
5094
5106
5119
5455
2514
881
3751
4193
1262
4174
1053
4218
1008
3674
4166
4529
4641
4920
5111
5533
2325
3431
3494
1381
1587
2241
5007
783
851
1128
1500
1980
3652
4345
4010
5493
739
792
4069
4531
690
1417
1862
3053
2048
490
605
804
805
818
914
1057
1167
1572
2790
3330
3368
3470
3593
4305
4380
4884
4889
5176
5213
570
1589
1403
1404
2208
3806
4137
2942
487
575
698
796
2706
2736
2787
3158
3163
3767
4016
4350
4469
4538
4597
4690
4899
5296
5566
3903
2400
4185
2330
5042
5127
1064
4042
4070
671
3931
5605
4153
4146
484
499
2348
5577
1374
2221
5034
4928
2088
612
781
921
1000
1052
1349
2244
2585
3085
3095
3529
3667
3781
4180
4575
4762
4952
5122
5311
5339
5460
5532
5604
3814
4189
1984
3930
3812
4055
3058
4147
5498
2224
492
2137
5376
5495
4154
1293
1674
2938
3097
3545
3636
4709
5089
3802
1579
303
191
552
707
740
1059
1769
4468
4976
5146
5307
5512
4051
2263
5504
772
4929
5560
3462
4258
3936
826
4194
488
678
952
1081
1401
1884
2260
2326
2856
3138
3294
3717
4107
4874
4961
5008
5154
5553
5450
147
3011
3418
922
3913
808
2329
4050
4216
5099
5300
767
4312
393
502
754
924
1301
2760
3105
3516
3631
3750
3832
4556
5022
5029
5031
5059
5144
5474
3803
222
3051
5519
629
4776
4297
4967
392
522
845
2690
3422
3759
3792
4450
4455
5295
4940
765
2844
5113
1973
281
583
2789
2066
2589
4598
2307
1
3471
3765
5274
4121
4955
2091
2458
2566
3442
4243
5139
322
4917
242
249
467
741
800
899
946
982
987
1043
1342
1372
1416
1523
1949
1982
2398
2440
2522
3215
3619
3744
3761
3794
3810
3912
3989
4144
4545
4910
4960
4973
5110
5141
5145
5324
5332
5368
5417
5442
5492
5595
1193
1640
2205
709
5114
5219
3078
4623
5453
1340
670
3752
1452
2146
4610
5424
644
4987
6
5013
5130
5225
2045
2751
5129
4639
434
865
1412
4255
4878
5081
5297
5593
5440
5265
5466
5232
5484
2291
1781
446
1002
1067
1457
2332
3523
3791
3991
4000
4447
4643
5117
5497
5583
4128
724
3804
5121
2939
3977
4892
5233
5405
5506
5517
5598
2295
4150
594
1537
4198
4138
4049
1087
3678
3728
4393
5518
1074
4132
302
1253
4241
5251
2784
5162
5180
5226
4995
430
662
2903
3369
4632
4682
5448
5525
3738
4614
1073
1259
4585
5269
2936
3355
3923
4446
611
1091
2277
3988
1078
2517
2746
3364
3726
3788
4130
4695
5071
5552
2285
5245
4142
3341
4149
4717
5272
5275
5378
1516
5379
1598
3440
5369
3748
480
5488
4363
3775
716
1164
1267
1443
2347
3086
3762
3763
3766
3777
3799
3811
3975
4340
4534
4888
4947
5254
5329
5387
5389
5475
5486
5511
5523
5597
3336
4163
3943
264
1031
3741
3768
539
1029
2155
2571
3813
4131
5259
1084
1709
5255
1487
3753
4876
5189
5393
4326
5521
2314
4145
685
729
1909
3779
4931
5100
5112
4066
5473
712
451
2715
3445
4881
5394
5216
4161
1601
797
816
1095
5101
5149
2296
4162
4714
4950
5505
635
4882
3677
582
1023
494
758
902
4024
4233
4862
5218
5549
1009
4911
5585
521
2839
5055
5520
5616
4689
4122
3972
4347
940
3774
2319
466
5596
4169
439
504
743
1530
1550
2299
3783
4056
4428
4873
4930
5064
5181
5206
5209
5350
5366
5447
3797
5531
4173
4705
2163
4640
4353
3156
3747
3072
4957
5260
2068
4125
5535
673
3008
5292
1072
3740
433
5302
537
834
949
968
1234
2071
2768
4933
4946
5135
5353
5372
5451
957
4071
4954
5351
542
1986
3152
3785
3786
3908
4237
4267
4636
4945
4949
4966
5548
543
2150
5301
4865
3778
5246
5395
5499
864
722
2722
3591
4172
5077
737
734
1205
2743
3386
4703
5570
3795
5205
696
3076
238
5409
5611
1025
5035
675
1001
1112
1329
3173
3430
3998
4384
4665
4958
5063
5136
5188
5222
5555
3796
5522
3679
4638
3756
4430
4631
5166
5287
5481
4991
5224
595
3755
4633
4907
4925
5199
5231
5370
5608
4883
5371
669
755
3928
5124
660
807
637
1261
2518
5115
5125
5358
5546
5496
4919
2147
4975
5323
432
4680
531
1007
4387
5140
5333
1737
4316
5349
5437
5537
1689
3760
4283
4959
5018
4938
5538
3080
291
479
1646
3758
5386
5009
777
5526
3790
4897
5315
5377
4067
5014
5134
5227
5438
5527
5273
750
3061
4901
5293
5500
961
1635
5344
5602
5554
3905
5572
5285
5578
2271
2880
3054
3022
5347
622
4612
5550
4433
5359
5375
5388
