user_id
3831
253
1182
2303
3716
180
1680
2555
102
106
285
667
833
1200
1655
2542
2890
2964
3252
3296
3319
3337
3419
3491
4376
1887
4234
4327
5131
2253
2138
2466
5547
2448
1129
1883
2945
2996
3121
4398
4730
4738
4286
991
5420
4759
4341
418
4771
351
1893
495
1099
1170
1492
1619
1724
1739
1824
1852
1917
1992
2095
2679
2742
2762
3706
3875
4382
4662
4715
4814
5282
5343
5490
2358
2504
2489
1815
4329
1946
1376
2951
3117
5614
1727
563
1431
3888
2183
431
980
1080
1935
2013
3974
4356
4366
4406
1019
1854
1820
2387
2393
4514
5116
5039
4372
4988
2822
825
2145
3079
5047
1722
1313
3180
1797
2552
294
4336
1390
16
959
1899
2371
2757
2773
2954
4625
5530
5589
1362
1954
694
1668
5412
4745
1723
124
152
208
588
1889
2012
2153
2796
2925
2928
3192
3302
3381
3389
3464
4008
4309
4826
5068
5207
2726
1969
2126
206
299
614
894
3451
3287
1822
318
1194
4036
4097
1786
134
46
1180
2572
3035
3203
3535
3617
4739
4766
4779
5195
397
2421
1463
1661
1890
2098
1556
2888
4288
937
848
878
1395
1766
1809
2037
2501
2775
3202
3898
4229
4338
4515
4651
4789
5446
3826
2538
4477
4525
3736
26
290
1489
1732
3032
3824
1880
1934
2701
2957
5316
1773
1777
2175
2182
2693
2727
3295
4782
5435
1860
4093
227
4936
813
1979
3033
4011
4018
3820
485
759
905
5243
2570
1111
1378
3456
4673
5187
1988
231
254
1030
2420
3047
3205
3492
4206
4596
229
1344
4813
1459
2076
1637
4099
52
1782
1702
2551
3856
1690
165
3610
58
4493
5027
3850
4084
4422
88
773
4815
3344
363
2558
1704
2891
2133
256
1560
2892
844
2807
315
343
425
580
606
608
623
742
744
751
812
856
936
1058
1104
1197
1322
1336
1407
1456
1540
1602
1615
1844
1904
1912
1970
1974
1999
2035
2069
2089
2130
2290
2353
2394
2532
2583
2648
2680
2780
2794
2918
2972
3015
3071
3140
3230
3321
3325
3383
3416
3417
3608
3612
3628
3688
4009
4030
4077
4176
4405
4463
4490
4518
4707
4845
4908
4974
5012
5053
5240
5400
5421
80
262
5419
115
4360
138
352
590
2246
288
3181
3938
244
1320
2294
2056
1623
2503
3506
536
2190
3669
2708
4235
3299
1097
1217
1717
1821
2565
4035
2135
2598
2678
3575
4302
1561
2346
3157
4079
283
1242
2824
247
1192
1698
1814
3847
4679
1034
1133
1678
1810
2575
5028
2154
1825
366
1938
5414
1491
837
104
390
1743
2025
2084
2310
2376
4474
4683
3860
335
2569
2816
513
1281
4209
1308
2004
2064
3104
3233
3256
3702
3842
5541
2463
1798
1886
1963
4348
84
455
852
1391
1660
1662
2893
3135
3611
4033
4182
4260
4871
5003
5584
2160
3340
1914
5194
338
858
387
421
1356
2492
2616
2887
2919
3262
3536
3555
4157
4457
4577
4644
4764
2881
1775
2987
1588
2426
4287
1120
2943
1032
2
981
3182
3435
5624
3003
1475
1592
648
1042
1156
1244
2424
2754
2830
3929
4262
3074
4721
313
1190
346
1928
2587
2848
4015
4502
135
141
61
96
491
2488
2941
3235
5426
3957
2960
4371
2470
3836
1204
1509
2097
162
1384
3169
3997
1450
4791
1685
4181
173
3455
3834
189
1729
257
586
920
965
1162
1215
1554
1738
1803
2543
2591
3167
3644
3697
4017
4478
4602
4653
4774
5217
5622
526
211
1940
2096
5126
5544
1990
2407
3010
1692
1383
2735
3487
298
76
376
2497
613
793
1093
1716
1965
2546
2917
3290
3401
3498
3556
3624
3954
5133
5281
5422
3533
1352
2971
45
120
934
1018
1707
2390
2968
3582
3655
3714
3887
4718
5322
5305
787
1874
2861
5606
895
1964
3900
4473
2121
1184
193
819
3939
1617
2548
2835
3577
4660
2030
717
1832
2102
2181
2218
2444
3557
1137
161
289
321
561
602
621
640
943
983
1189
1222
1430
1672
2230
2236
2270
2431
2699
2734
2813
2944
2998
3388
3393
3496
3567
3634
3653
3950
4040
4054
4435
4551
4688
5025
5137
218
3488
144
2228
2974
360
277
5580
2157
43
701
2168
248
2484
2973
2705
1657
3250
5056
2716
866
3114
3276
3324
3384
4806
179
877
3984
3396
57
268
680
1106
1248
1677
2094
2315
2610
2710
2858
2997
3108
3333
3406
3647
3844
4021
4616
4890
4922
2280
48
66
695
1371
2176
2635
4613
498
1791
1760
2402
5406
2769
223
3025
1186
3142
158
163
1141
1855
1911
2049
2340
2564
3244
4770
4831
4843
5052
5625
840
4581
2034
1355
3475
4227
5234
2110
378
587
763
1921
2028
2725
2859
3039
3170
3285
5040
5399
267
5169
5107
341
2281
334
416
842
2129
2511
2750
2889
2970
3216
3522
3539
4047
4063
4413
4693
4740
4801
5103
5398
5568
2537
2671
1471
2053
5290
1866
2862
3841
5277
340
469
559
691
997
1551
2417
2931
4029
4266
4282
4649
5054
5588
2127
3298
1548
2369
3946
50
1458
160
202
2085
2120
653
656
1024
1108
1892
3188
3195
3281
329
3410
687
21
250
516
900
1943
2370
3391
4963
5074
4239
406
1460
4564
2508
939
159
282
1726
3601
1939
2577
213
4412
4849
1221
255
4650
447
4675
79
230
200
219
442
505
527
556
683
735
757
768
776
916
1026
1060
1419
1626
1647
1682
1687
1758
1817
1936
2016
2017
2042
2081
2086
2131
2149
2225
2410
2415
2579
2586
2723
2879
2929
3014
3133
3172
3177
3179
3193
3267
3271
3320
3326
3345
3408
3497
3587
3595
3672
3692
3710
3725
3818
3893
3967
4001
4058
4217
4300
4314
4370
4407
4414
4466
4569
4628
4708
4757
4761
4772
4781
4846
4900
4913
5160
5177
5197
5256
5288
5328
5509
4103
1258
2898
3392
1683
1651
3149
3273
1239
4832
1735
47
581
1607
3200
4013
954
1725
2267
4295
4386
4629
426
2032
3681
331
5223
3006
5485
1039
2894
3280
3830
4440
5050
1257
1453
449
493
1110
1254
1317
2512
3614
4443
4588
5044
639
1311
2763
412
2711
4807
448
1907
4023
4197
4408
4527
4608
5159
2596
3541
1736
1354
1768
4225
1583
187
1085
2312
2454
2502
2855
2139
3886
4072
4368
2019
817
1123
1146
1241
1277
1310
1337
1375
1424
1932
1952
1998
2171
2335
2600
3277
3347
3360
3380
3525
3578
3581
3927
4075
4365
4461
4543
4571
4573
5006
5020
5291
5470
5510
133
5041
1504
1670
2179
300
4403
977
1715
2525
2631
3918
4934
5198
155
931
2434
3403
3857
2771
228
344
2059
3238
2159
49
126
177
850
1665
1711
2377
3092
3164
4037
4261
4537
5030
5078
5432
5543
409
2083
1202
1246
4565
2026
1493
756
892
1163
1636
3263
3542
4844
5201
4106
3940
1971
385
508
4932
15
205
945
1474
1975
2006
2117
2152
2601
2915
3196
3283
3579
3724
3983
4177
4259
4803
5214
5471
5491
3515
68
3001
4839
1101
1421
4112
1160
1353
1496
4232
4381
3519
978
1268
1269
2072
2581
2761
2573
361
882
2237
3473
2300
82
1346
1694
2419
2853
2902
3574
853
2327
630
1675
1754
2947
3434
2043
2050
2323
2519
1580
849
1211
642
4634
3404
5080
304
464
553
989
1115
1149
1229
1447
1676
2010
2134
2485
2536
2547
2556
2737
2745
2940
3037
3084
3115
3123
3209
3248
3382
3607
4202
4318
4335
4385
4400
4475
4617
4790
5132
5280
5362
2404
2765
2378
5385
682
4760
4983
5128
56
661
2956
4230
237
706
1400
349
723
1335
1568
1991
3101
3472
2496
4994
312
2885
571
1174
2206
2707
2797
2821
3023
3962
4595
5241
2871
2553
2593
1220
1596
3189
443
1312
1539
1624
203
872
1050
1188
2185
2344
3055
3633
3911
5109
1616
310
369
2033
295
1286
2021
2846
2937
3041
4855
2770
1558
251
5193
1136
2302
12
1054
1119
1127
1166
1266
1297
1316
1519
1941
2099
2409
2506
2638
2990
3096
3161
3357
3390
3592
3683
3713
4004
4019
4031
4423
4590
4646
4816
4905
5402
5418
5542
5574
1251
150
1645
2191
258
1364
2356
2606
3433
3476
305
306
1171
1288
1811
2560
2912
3676
3770
4664
5082
1464
263
815
912
913
1063
3338
3559
3891
3982
4962
5073
1183
245
1764
1476
1841
4699
2207
2568
4020
1937
1425
1838
2203
585
420
619
681
697
780
1304
1414
1967
2001
2279
2293
2351
2901
2922
2924
3223
3226
3395
3411
3420
3570
3720
3895
4014
4240
4601
4830
4853
4912
5266
620
4668
2986
3242
151
2451
4204
4978
5046
1264
3356
8
1759
1531
1942
2550
2611
3309
3414
3454
3553
4483
4678
4765
5185
1481
1524
4339
4397
532
578
1130
1178
1756
2425
2516
2541
2650
3082
3387
4464
4516
5058
5270
4647
2274
2166
649
359
650
276
436
929
1600
1731
1961
2505
3100
1610
5434
4666
1290
2023
2328
2920
3059
1566
172
988
3293
3400
5093
2210
1541
371
486
618
663
893
1022
1118
1693
2128
2688
2952
2963
3568
3580
3635
4200
4742
5091
5319
60
3289
994
3412
3576
1426
3637
2828
131
1213
1542
2165
3288
4392
5001
2286
896
2582
3009
3261
4289
4941
5621
2908
5021
2254
2459
5559
3225
1603
2024
2262
415
890
1763
2070
2103
2357
2926
3660
4794
5342
5357
2233
1014
1161
1358
3620
4544
5237
2075
3004
4306
4836
4964
1629
3890
1285
1582
441
459
1214
1318
1327
1359
1658
1863
2386
2456
3000
3168
3565
4645
4667
4775
4825
5244
2499
404
2959
4328
3268
123
1148
1467
2005
2209
4062
4293
170
2422
3075
400
1185
201
4155
1478
1486
1510
410
764
1398
1959
2864
3204
3310
3339
3461
3709
4812
4915
5356
4074
966
1485
1835
4921
1507
3269
2222
38
83
5076
27
511
770
839
969
984
1255
1434
1437
1448
1454
1533
1575
2403
2433
2603
2702
2778
2836
2935
3005
3012
3042
3073
3134
3145
3160
3184
3313
3723
3730
4342
4436
4566
4809
5011
5215
5298
5436
5582
5612
2060
4053
651
1302
1666
2015
2897
2309
3423
32
1528
2363
3154
3732
4821
454
240
461
2054
2118
2562
1877
2740
4951
225
81
600
1079
1365
2047
2195
2717
2791
2932
3178
3220
3307
3537
3932
4429
4580
4591
4687
4827
5200
5263
5563
538
4355
1367
4773
3253
829
1462
2219
3650
4557
1303
541
4247
1082
1620
2235
3016
1219
1622
598
1154
1252
1502
1571
2113
2729
2913
3111
3906
4115
4710
4796
5118
5152
5354
5561
1594
925
1451
3245
2100
2198
4692
128
127
633
733
1010
3447
3558
3780
3873
4041
4253
4321
4835
5250
5501
2827
1325
3303
4246
4674
275
2020
2672
4048
4281
5318
3528
3083
185
1006
2865
3116
3122
3194
3544
3715
3964
4190
4389
4449
4657
4769
4984
5072
5392
1292
1604
699
1659
2123
2215
2455
3031
3312
3314
3986
3992
4652
5381
5514
5576
375
2471
456
2779
4354
4982
383
821
941
1996
2921
3278
4914
1916
1667
1679
3266
788
1089
1477
1818
2167
2477
2676
3632
3942
4226
5026
5317
3270
4273
130
679
1435
1774
2027
2781
2916
3910
3952
4838
5075
389
2423
118
545
562
963
3349
4535
810
1634
2709
1291
2712
4763
4842
4887
704
1179
3956
365
2259
4980
714
1037
1306
1397
2429
3274
3311
2567
3901
4401
5000
2948
501
2232
259
520
4706
5247
1206
2927
932
4579
1761
519
544
1096
1848
2457
802
1124
1357
1708
3657
4043
2721
1494
1056
1233
4635
2886
4242
2158
5248
2105
4459
1070
496
481
116
2772
1719
3571
1465
129
1650
2842
5
14
35
94
109
153
171
192
260
287
414
428
465
567
568
579
589
627
647
705
738
801
806
811
862
871
891
918
926
970
986
996
1017
1021
1033
1098
1114
1140
1150
1159
1169
1195
1226
1228
1236
1330
1415
1420
1429
1441
1466
1581
1663
1695
1762
1865
1870
1944
2040
2090
2119
2125
2136
2189
2216
2229
2336
2549
2559
2697
2884
2896
2966
3017
3030
3036
3052
3063
3146
3174
3224
3241
3243
3351
3436
3540
3566
3583
3585
3604
3623
3638
3649
3651
3731
3858
3924
3944
3947
3949
4028
4081
4082
4109
4110
4178
4191
4244
4263
4307
4331
4369
4416
4420
4426
4448
4539
4548
4562
4599
4607
4626
4627
4701
4833
4834
4841
4923
4965
4969
4986
5086
5092
5108
5123
5173
5192
5262
5320
5374
5415
5477
5487
5503
5534
5545
5564
5601
2018
143
113
2187
1445
2011
2172
405
22
2151
2031
4220
4594
1428
624
462
2170
474
577
500
320
2231
1187
235
1423
3520
2427
4088
1399
689
4434
2022
944
1612
1585
2713
860
503
1503
1218
3019
4655
4948
2792
3405
4343
4454
327
3394
1549
2513
4192
1331
2554
3546
4275
4970
643
5592
2868
3284
3532
4391
4822
2764
930
1020
3773
5454
3851
4308
271
429
832
1152
1547
1925
3643
2360
827
2413
2602
3663
4937
2311
5579
396
747
1712
2341
2599
2914
3429
4083
5551
2691
347
831
3066
3686
332
2923
3136
3729
3963
4319
4351
4659
5036
482
2907
1366
2748
3846
4824
1621
1231
168
654
702
958
1578
3757
5015
4034
1823
3665
273
1748
1997
2980
3315
3372
3428
3600
3694
4570
4619
4993
5037
5364
5627
1517
2962
437
3120
3342
674
3902
4215
209
348
560
1653
2578
3150
3589
3970
4012
4080
4560
4605
4784
4799
4875
4977
5084
5476
4637
2162
13
1468
3675
4702
4990
5010
252
1271
5191
489
686
1377
1393
1394
1484
1555
1564
1744
1957
2298
2411
2539
2695
3206
3234
3754
4003
4378
4526
4530
4611
5066
5186
5383
5536
2904
236
5258
2000
3165
3275
3921
4362
5429
4935
279
149
1593
314
601
771
1109
1144
1298
2144
2245
2367
2437
2526
2872
3026
3102
3316
3331
4052
4183
4322
4584
4661
4698
5581
2958
5613
2732
3099
3398
3109
3562
1792
2178
4568
154
1102
1649
3399
4578
4848
4885
5571
73
1994
2283
3648
4549
4711
1595
1333
1654
112
198
534
908
911
1249
1385
1684
2039
2101
2483
2563
2851
3034
3089
3229
3254
3550
3573
3584
3613
3708
3800
3994
4039
4059
4179
4410
4572
4582
4606
4896
5016
5278
5306
5444
2255
664
292
2882
85
4437
3961
278
1294
933
2755
1490
2242
3527
5540
445
1131
2055
1757
2196
452
617
1552
1569
2044
468
863
1177
1915
1956
2436
3352
3521
4487
4810
4856
4956
1158
4998
2607
4311
1701
2453
3682
4199
4795
4404
828
1776
1839
3098
3598
3737
3919
4452
4851
4857
5459
876
1165
2905
333
1324
2777
2869
3656
105
547
497
3941
1625
355
700
1142
1341
1630
2122
2731
3300
3374
3640
4005
4274
4752
4793
5060
5147
5171
5253
5425
2759
2961
761
1328
2079
715
2313
119
1250
554
557
907
1105
4364
5310
5331
2248
2841
904
2067
4359
5483
1896
2979
3305
5467
884
1047
1132
1369
1544
2266
2494
2870
3028
5480
628
2240
1386
2284
4269
4068
399
726
1546
1644
2909
3362
3365
4768
4787
5175
2949
972
1505
2108
2535
4367
4850
5557
29
2092
3590
3603
1323
1631
1728
950
1100
5615
1574
1641
220
1627
91
328
1077
1280
1373
1981
2249
2268
2318
2414
2733
3176
3425
3547
3969
4553
4555
4604
4686
4819
4859
5138
5150
5348
5468
5252
1656
1295
1432
4817
2306
4245
564
4909
2202
2276
373
626
676
1046
1396
1608
4615
4700
4926
1168
814
948
1488
2845
2910
4510
4691
4869
5067
2186
1836
1348
2493
3110
5556
2412
514
3670
584
2452
266
1283
1300
1406
1567
1609
1618
1995
2258
2354
2450
2480
2934
3198
3606
3698
4060
4642
4880
5183
5184
5202
5271
3068
2758
3328
3354
470
1210
2007
3232
3642
4592
5433
1289
40
1201
1521
2058
2188
2227
3432
3441
3915
4044
4532
2703
2953
4111
551
592
1036
1069
1090
1480
3727
4223
4439
4453
4676
5024
1577
2627
2193
3144
3602
4078
2173
1117
1321
1387
2507
1840
3358
174
401
419
453
506
597
1061
1088
1247
1270
1307
1444
1605
1985
2211
2418
2441
3050
3236
3367
3616
3626
3979
4105
4212
4238
4488
4536
4618
4858
4870
4902
5096
5155
5478
5513
5539
5558
528
1173
2197
2878
979
39
1545
1212
1440
1713
2057
1989
2524
2724
3237
1305
565
1326
2082
2368
4158
1309
3971
2142
569
2730
4550
870
1439
1515
2273
4716
103
4113
4152
5515
164
975
1013
1045
1176
1279
1553
2544
3057
3060
3064
3197
3615
4334
4788
4800
5095
1845
3621
4129
4704
2272
4677
3443
475
703
713
2192
2510
3139
4303
4344
5452
37
458
960
1535
4968
1962
2243
5083
5334
775
507
549
1562
1576
1639
1790
2978
4167
4694
4860
5102
574
3112
4171
4134
4671
3103
1332
1134
1436
1606
2046
2834
2840
4299
4320
4472
4214
795
910
999
2604
3363
3514
3907
3920
4127
4927
3630
3409
3809
7
576
668
927
1260
1363
1408
1498
2435
2720
2950
2969
3240
3625
3934
3978
4298
5151
5264
5363
5397
5607
2776
1196
5403
3385
3909
1094
1720
2292
4296
4554
1520
1151
4271
2256
460
625
799
947
976
1209
1894
2107
2177
3094
3926
3935
4213
4424
5161
4196
473
824
897
1993
3551
3594
4038
4654
4785
5229
2278
677
2143
476
178
971
3317
5309
616
3427
1691
3609
3968
4394
5439
89
4116
5267
666
3065
3867
477
593
2849
5335
1274
731
548
610
692
721
785
790
830
923
962
1075
1147
1181
1207
1276
1389
1506
1926
2304
2320
2365
2399
2401
3070
3091
3249
3348
3359
3371
3530
3531
3569
3671
3769
3951
4057
4126
4201
4224
4236
4250
4268
4445
4587
4621
4658
4669
4684
4802
4811
4837
4877
4942
5085
5157
5208
5236
5261
5401
5626
336
62
2331
2605
2876
1139
1643
2766
2164
558
2446
3793
1638
2052
1648
1828
3247
607
1051
5428
2527
23
5590
3373
766
2866
4992
70
5618
2993
535
17
523
655
791
3641
4868
5190
5390
822
3776
424
1284
1469
3087
3088
4228
5090
5355
4046
2584
156
1273
1360
4208
1278
3639
1287
2223
786
846
857
898
1379
1422
3148
3162
3518
4065
4119
4252
4431
4600
5165
5221
5326
5337
5502
5507
1004
2238
4186
530
1705
2714
3077
463
1153
2854
4136
4823
4999
5051
518
1405
4325
4123
1068
1282
1819
2029
2109
2361
2523
2994
3093
3159
3375
3599
3922
5472
809
1345
1438
510
374
566
1881
2234
3687
4118
4866
847
3807
3426
2132
935
1125
1126
3981
4195
4207
4358
4540
4576
5087
5303
5617
4151
515
1482
2112
3040
3597
3743
3937
4210
4285
4656
4746
5049
5464
964
2204
4133
4467
665
883
1501
4712
2073
2264
3782
4061
2252
5565
125
301
357
411
529
684
820
993
1012
1028
1191
1256
1388
1495
1628
1806
2201
2261
2265
2428
2515
2795
2843
3329
3684
3995
4141
4156
4313
4377
4547
4840
4939
4944
4989
5142
5308
5479
5586
1198
727
317
2214
1005
1597
5325
901
3219
3361
3561
3662
4108
4767
5384
5431
5017
3925
760
887
4552
596
1314
1483
1512
1869
2041
2115
3477
3563
3745
4559
4903
4904
4924
5314
5321
4895
2316
4996
3914
471
3446
672
736
4458
5524
4586
752
2521
4670
928
1145
2257
2793
2906
3424
3548
3808
4184
4546
4733
4971
5494
5529
1299
384
990
3933
311
2180
3264
3438
3666
4432
1570
719
1590
107
1224
4797
4852
5599
2194
5239
603
1319
3746
5279
859
1565
657
2251
2756
2838
3439
3605
4170
4265
4324
4804
693
1071
2184
732
1526
3798
3646
1296
2250
2747
3721
4589
5163
609
658
1584
1613
2333
3151
3549
3564
3787
