20
1784
182
47
190
1715
970
295
460
245
122
776
1399
2039
387
1362
2228
1315
244
1154
1127
1535
810
1726
1030
324
55
412
71
169
1011
826
1605
738
620
1704
252
1365
2093
307
570
1830
2223
2326
445
1475
1162
621
127
689
622
2305
896
323
1020
1870
950
1431
386
922
1443
2121
196
250
1714
1283
5
436
18
367
2027
123
98
393
2464
254
1677
591
639
506
793
683
1026
1445
564
280
3112
1072
1376
836
1263
61
78
2742
837
181
1066
2181
102
1336
567
297
2557
655
681
764
511
2229
2233
1331
68
632
701
35
1479
1278
882
141
265
42
742
1375
1254
1366
774
734
1099
2072
9
943
1520
1528
541
1885
95
358
590
1846
2161
1231
650
1177
1236
2696
1860
359
969
345
394
575
663
1039
777
364
1482
2299
104
1291
1
2768
1608
1126
2047
2036
1644
37
2033
839
2095
200
432
1173
1970
899
1035
144
515
1184
1762
1161
2291
428
539
554
843
634
3381
474
823
2312
241
289
1521
1010
861
91
1074
1097
1139
985
56
198
721
447
2078
14
633
4697
1361
1703
2083
1142
1462
1600
598
2697
458
3354
2781
121
303
491
659
1003
237
1591
1457
1939
116
397
1840
522
419
1061
1160
231
439
818
1669
2503
110
1418
1444
1519
57
869
1538
484
725
1088
273
1687
1756
194
624
789
903
931
3519
1122
309
942
2297
2866
405
327
1815
184
212
377
2516
3311
3572
562
674
809
944
251
1489
3706
559
1029
1069
1500
652
759
2784
3621
400
1002
1197
1650
936
1105
1557
1760
1787
799
954
1156
1189
482
638
881
1820
778
1780
1972
2151
234
450
480
873
1347
1590
335
1659
1971
