571
2615
1260
1701
29
366
849
1327
1611
1859
1141
3597
152
937
2296
2591
3622
39
1151
1171
2870
3882
1033
1465
3083
126
442
1844
2040
3187
2373
2556
271
713
1411
1442
2249
2374
2880
2897
4080
1370
2123
435
1101
1958
3748
2514
3328
1131
1836
2739
6
1401
1628
1732
2461
3073
1140
1716
2273
637
675
2544
383
647
2145
664
1135
1662
1950
2911
3673
4298
45
697
1566
2225
163
891
1221
208
565
785
1182
2340
2668
242
761
851
1209
1277
32
3844
344
982
1754
2743
3479
600
1377
1455
1713
44
49
924
2110
525
654
2009
2427
791
1237
1395
1432
2056
1024
1040
1998
492
709
743
2050
3312
93
2411
453
473
601
916
1498
2884
451
889
1145
1574
1640
2770
4212
2075
2217
2375
158
429
745
1316
96
148
890
1470
2602
2885
225
694
762
828
787
2355
276
277
1923
2658
1132
2277
401
611
1400
1672
1748
2029
2466
3012
784
1007
1104
2611
389
671
1467
1637
1730
1807
1956
1964
3501
3502
3579
16
25
699
2507
162
456
577
1217
2140
2146
2618
3047
166
228
548
892
1028
1393
1417
2005
2414
3280
3576
4385
256
343
507
707
1349
2064
3530
388
712
1796
23
2626
2778
3039
2096
2173
2191
3950
608
1019
1202
1422
1824
267
2263
2341
2480
3033
3065
3212
3659
3685
471
535
1084
1515
1651
2221
392
1046
1453
2199
2603
3196
953
1785
2762
3217
3836
938
1027
1169
1530
2412
2619
2698
4627
215
1321
1789
3140
131
151
240
1058
2343
581
665
1004
1038
1071
1416
1548
3480
369
1016
1483
2964
3434
221
715
1063
1633
1658
3273
3782
88
669
705
726
834
949
1368
2422
2786
3529
3679
470
618
850
945
990
996
1306
1867
1997
2105
2287
2792
2
1708
2168
2540
3030
3614
807
3132
155
285
626
676
2754
3011
189
718
1248
1345
2528
2680
2933
3925
4344
489
735
940
993
1427
2372
2806
3644
74
372
979
1092
510
955
1266
2175
2476
2506
2714
2841
72
142
582
860
1683
1975
2068
2206
2381
3207
4154
153
656
2447
2527
3319
249
339
457
803
935
1136
2313
2744
5221
331
1096
1372
2166
2386
2440
4120
48
499
910
1439
3099
3472
3677
4071
301
1588
1817
1876
2159
2681
3583
3760
243
765
886
1185
1270
2185
2347
3577
193
771
1793
2451
3552
4304
426
746
1167
1541
2035
3604
3687
4680
175
1447
1542
2638
3029
3553
94
1330
2791
3489
3971
636
1523
1676
1788
2508
2623
3362
3382
54
113
657
769
912
1152
2336
3206
3754
187
317
964
1100
1210
1601
1946
2423
2981
3375
3394
4930
612
1206
1384
2284
519
1546
2062
2345
2385
2621
2909
3079
3175
1341
1829
3151
5051
211
411
502
1155
1652
1699
3077
3587
214
1018
1486
1911
2610
2678
3558
802
888
1227
2002
3105
3952
3967
4170
28
594
1969
2074
3090
3846
5762
390
1021
1054
1247
1684
2180
2226
3443
3574
3973
448
597
649
1543
1578
1973
1995
2000
2112
2391
2935
3040
3309
3353
204
684
1526
1570
1818
2192
2491
2533
2715
2779
3210
3955
468
560
866
1697
2032
2138
2222
3652
3908
4277
4592
147
274
360
418
572
930
1044
1239
1666
2205
3464
3975
4103
4293
354
1369
1419
1852
2650
2694
2707
2773
2816
3138
3314
3454
3510
4674
760
1494
1678
1737
1758
1811
2028
2059
2446
2663
2675
3258
70
149
1280
1991
2257
2294
2517
2601
2721
2755
3121
213
328
1093
1109
1352
1374
1711
1910
2094
3238
4132
4147
4232
4537
4659
795
1446
1814
1871
2286
3486
3871
4026
4390
4943
7
59
115
238
586
755
1299
1435
1810
1916
1979
2300
3417
3842
4473
52
334
1360
2338
2729
2821
2823
2971
3247
3404
5412
1143
1194
1656
1987
2452
3063
3148
3152
3851
815
1501
1593
2200
2330
3906
4161
4294
4306
132
143
642
682
708
887
1070
1098
1564
2133
2234
2361
2430
2864
3376
4590
816
934
1233
1314
1391
1612
1821
1842
2098
2424
2845
3054
4010
4148
4612
188
298
893
1049
1150
1178
1943
2923
3304
3707
4777
26
233
348
443
961
1766
1781
2389
2652
3023
99
118
321
518
679
1344
1589
1907
2089
2176
3298
3339
3630
3721
3907
3961
4256
4
306
370
476
667
711
733
1522
1635
1854
2079
2555
2568
2982
3326
4235
4242
4412
5320
523
907
1112
1355
1750
1926
1994
2380
2948
3053
3286
22
690
1328
1358
1510
1647
1772
1957
1966
1996
2158
2334
2435
2905
3261
3459
3764
4474
180
246
463
563
1080
1845
2003
2058
2254
3169
3253
3372
3912
4649
224
459
526
533
542
1180
1861
2238
3198
3790
4451
202
380
847
1269
1471
1643
1709
2331
2365
2393
2688
2716
3853
4396
4425
4434
4507
5587
77
84
195
602
913
1517
1572
2438
3110
3119
3129
3320
4490
4520
4654
79
407
454
589
607
648
817
992
1599
2202
3332
3535
97
178
521
804
806
824
1496
2227
2646
3246
3615
3749
4171
4202
4626
4735
4875
5750
133
176
218
740
1288
1728
1736
1765
1837
2224
2245
2349
3061
3562
4019
4060
4269
4368
4766
5544
73
375
406
529
947
1129
1696
1952
2388
2477
2760
2868
2887
3142
4176
36
199
279
373
488
617
623
988
1095
1130
1207
1320
1337
1415
1428
1770
1879
2069
2456
2660
3059
3154
3511
3598
4189
4245
4998
64
848
1076
1253
1398
1655
1912
2004
2008
2026
2144
2359
2740
2890
3504
3532
3595
3653
3867
4624
5091
226
466
566
1015
1232
1532
1554
1621
2407
2586
2667
2853
3076
3149
3732
3784
3812
157
168
1356
1865
1903
2013
2247
2759
3074
3153
3160
3884
4622
4931
5052
89
236
895
963
1257
1310
1763
1875
1918
2979
3257
3632
3699
3989
4311
4312
4950
588
698
1041
1801
1804
1880
1884
1906
2017
2023
2115
2253
2614
2659
2710
2851
2972
3164
3192
3292
4198
4945
5357
396
425
431
644
751
906
1200
1581
1960
2179
2724
2833
3003
3048
3085
3349
3599
3723
4205
5279
183
357
536
609
1037
1144
1524
1539
2109
3195
3468
4072
4133
4342
4479
5008
5223
272
1022
1238
1463
1545
2011
2037
2042
2328
2494
3276
3636
3773
4160
4201
5003
5306
130
1246
1290
1919
2260
2384
2569
2924
3536
3804
3874
4941
557
832
868
875
1740
1776
1953
2363
2467
2733
2752
2818
2973
3015
3158
3310
3820
4069
4109
4157
4491
5441
8
758
978
1005
1078
1094
1219
1383
1425
1537
2182
2725
3001
3229
3266
3369
3399
3531
3786
3917
4441
4734
4800
4910
83
481
919
1062
1201
1504
1735
2010
2024
2046
2274
2354
3182
3214
3363
3469
3785
4058
4492
5285
33
105
1083
1240
1499
1802
1980
2172
2439
2579
2671
3136
3176
3676
3826
4549
287
1533
1841
2118
2269
2431
2545
3397
3424
3445
3463
3474
3507
3581
3745
4195
4218
4681
4902
5564
10
63
186
615
723
835
898
1153
1295
1505
1660
1743
1877
1924
1930
2295
2726
2809
2840
3124
3297
3528
3880
4088
4102
4164
4635
4798
258
304
635
786
914
1090
1274
1638
1690
1694
1725
2429
2617
2673
2713
2843
2907
2960
3081
3656
3831
11
205
549
693
700
1448
1552
2271
2450
2651
3052
3089
3139
3199
3303
3419
4373
4767
4946
4953
5211
106
831
968
1043
1322
1433
1751
2474
2741
2886
2908
3082
3603
4292
4415
4704
4793
5601
5900
315
722
838
1642
1843
1985
2049
2308
2761
3050
3178
3322
3684
3711
4097
4137
4231
4419
4559
4792
19
69
120
159
503
1216
1271
1333
1450
1544
1582
1752
1881
2333
2415
2432
2790
2987
3390
3862
4099
4351
4411
4539
4705
4752
5248
5537
114
330
469
1627
1657
2086
2292
2529
2589
2656
2846
2865
2975
3031
3103
3233
3335
3368
4278
4545
5101
5965
81
230
232
292
353
583
871
1057
1116
1158
2455
2676
2872
3167
3200
3586
4081
4096
4676
4729
4762
5453
5702
3
374
569
593
627
1086
1103
1181
1208
1225
2128
2669
2898
2991
3333
3540
4040
4048
4420
4781
4917
5899
341
475
645
858
958
1166
1262
1275
1576
1673
1744
1857
2077
2081
2268
2780
2820
2888
3016
3541
3830
3963
4068
4371
4463
4771
4980
5594
201
355
362
376
410
449
544
546
576
640
1165
1289
1454
1649
1729
1799
1851
1878
1940
2060
2324
2566
2917
2919
2921
3022
3392
3601
3633
3944
4272
4302
4309
4575
5429
325
595
995
1294
1436
1920
2209
2325
2648
3726
3927
4429
4563
4807
4865
5039
5973
172
253
291
365
551
960
1304
1761
2084
2550
2654
2706
2804
3025
3301
3460
3911
3930
4001
4006
4084
4286
4538
4618
4728
5028
5224
128
326
479
543
798
939
1087
1364
1565
2020
2153
2495
2769
2814
3066
3128
3270
3278
3290
3377
3602
3840
4055
4514
4688
4794
5436
164
247
1081
1195
1645
1667
1693
1900
1934
2220
2303
2635
2685
3172
3393
3555
3737
3796
3993
4253
4260
5010
5269
5392
5403
5532
58
342
1179
1212
1334
1346
1721
1905
2194
2356
2378
2800
3189
3585
3689
3700
3705
3891
3935
3984
4009
4086
4192
4247
4319
4541
4725
4785
4874
4968
5014
5047
167
404
504
641
796
929
1023
1137
1218
1308
1387
1390
1492
1577
2070
2124
2417
2543
2690
2738
2990
3291
3337
3575
3643
3708
3872
3948
4279
4406
4679
4826
5197
5411
6092
107
288
845
971
1326
1622
1710
2107
2405
2408
2593
2796
3348
4029
4498
4523
4565
4801
4975
5013
5152
5199
5541
75
808
1303
1421
1555
1929
1942
2135
2171
2186
2281
2387
2639
2647
2938
3008
3165
3355
3356
3561
3593
3761
3776
3777
3798
4030
4238
4466
4532
4806
4872
5259
5660
160
422
467
550
872
957
998
1469
1609
1702
2125
2485
2630
2995
3433
4000
4015
4108
4580
4600
4746
4984
5276
5336
17
67
222
483
553
1147
1183
1255
1357
1409
1722
1848
2136
2184
2360
2382
2394
2512
2600
2683
2767
2801
2862
2882
2896
2951
2959
2978
3038
3101
3127
3170
3516
3564
3650
3663
3702
3855
4123
4229
4438
4714
4803
5335
6008
223
414
792
897
1050
1211
1560
1791
1944
1990
2122
2346
2448
2657
2684
2795
3299
3318
3438
3465
3559
3606
3668
3787
3799
4136
4315
4404
4443
4809
4831
4936
5032
5076
5304
248
278
444
829
965
1281
1379
1664
1665
1774
1795
2014
2178
2218
2242
2641
2745
2782
2849
3125
3171
3218
3324
3352
3395
3396
3416
3525
3592
3753
3834
4044
4226
4361
4695
4744
4892
5079
5215
5679
5683
156
322
352
719
737
782
956
1017
1198
1412
1586
1808
1931
2055
2322
2444
2463
2513
2521
2538
2582
2596
2807
2977
2999
3068
3250
3287
3358
3509
3626
3929
4639
4709
4768
5006
5493
5510
5686
134
146
294
338
846
1172
1268
1706
1782
2289
2486
2496
2637
2785
2839
3106
3137
3283
3413
3788
3941
3981
4125
4219
4233
4584
5105
5123
5132
5523
5942
101
255
259
461
465
696
853
911
1047
1115
1188
1220
1261
1381
1641
1675
1901
2275
2560
2772
2808
2826
2877
3361
3568
3681
3968
4234
4249
4262
4331
4556
4849
5064
5165
5193
5356
5373
5782
5891
31
319
500
530
540
547
646
797
1125
1170
1213
1222
1491
1779
1812
1831
2001
2016
2120
2368
2766
2797
2827
2857
2944
3108
3155
3385
3435
3578
3819
3824
4126
4204
4573
4608
4664
4726
4870
4891
4932
5023
5180
5208
5300
5369
5398
5691
6116
318
346
756
883
977
1386
1509
1512
1549
1616
1689
1855
2053
2117
2169
2214
2232
2357
2396
2433
2460
2465
2531
2552
2830
2832
2871
3487
3549
3647
3808
3868
3905
3949
3959
4221
4464
4528
4554
4722
4987
5352
5823
65
177
732
927
973
1406
1487
1922
2038
2119
2583
2860
2992
3034
3086
3162
3194
3263
3343
3428
3573
3589
3725
3801
3870
3916
3920
3958
4024
4031
4190
4263
4393
4476
4564
4642
4701
4745
4808
4886
4913
4967
5174
5192
5363
5408
5478
135
235
378
501
516
662
717
730
783
1159
1204
1324
1437
1511
1648
2025
2449
2861
3056
3135
3323
3345
3780
4082
4347
4392
4397
4619
4683
4698
5329
5511
5584
5853
5903
6126
173
197
263
493
613
631
773
1282
1298
1490
1497
1563
1778
1816
1913
1933
2063
2177
2473
2490
2636
2835
3075
3078
3126
3220
3223
3251
3429
3567
3629
3915
4089
4115
4140
4151
4174
4641
4791
5009
5029
5169
5305
5473
5681
293
403
455
800
1311
1350
2045
2054
2147
2282
2379
2541
2594
2758
2850
2940
2949
3088
3228
3344
3351
3430
3664
3666
3896
3914
4091
4237
4240
4281
4323
4455
4525
4713
4842
4958
5243
5261
5266
5716
5726
5792
5964
41
87
145
219
433
505
606
844
877
1060
1073
1203
1485
1518
1559
1585
1738
2152
2201
2418
2532
2900
3017
3302
3342
3548
3648
3730
3894
3926
3942
4004
4014
4210
4449
4488
4684
4692
4919
5007
5038
5182
5196
5757
5889
5932
6017
6073
320
630
658
685
731
879
1065
1267
1367
1413
1414
1626
1700
1887
1961
2052
2065
2150
2215
2230
2246
2311
2562
2674
3010
3018
3180
3242
3274
3329
3364
3497
3503
3771
3892
4059
4104
4142
4241
4257
4599
4772
5012
5050
5239
5452
5486
5675
5730
6011
62
340
531
537
651
729
747
1405
1464
1473
1646
1832
1965
2211
2285
2327
2344
2434
2505
3485
3513
3655
3768
3954
3982
4209
4305
4377
4387
4636
4686
4769
4787
4804
4955
4992
5119
5127
5204
5225
5234
5331
5469
5560
5694
5765
5858
6066
46
313
368
385
821
862
1297
1348
1382
1540
1547
1569
1858
1909
1981
2157
2442
2549
2815
3123
3191
3240
3649
3672
3769
3825
3829
3843
3898
3986
4259
4553
4574
4602
4605
4621
4671
4907
4944
4995
5068
5077
5341
5365
5377
5422
5430
5620
5791
5880
5927
5938
5962
6014
6141
129
217
424
532
568
801
842
908
946
976
1006
1146
1252
1332
1335
1452
1506
1550
1639
1680
1954
2006
2170
2197
2470
2498
2634
2731
2828
3019
3035
3042
3115
3186
3388
3452
3534
3703
3756
4005
4116
4159
4173
4424
4595
4988
5111
5327
5501
5561
5651
5773
5836
5908
5912
5949
0
260
350
438
508
677
909
994
1013
1175
1192
1224
1449
1580
1847
1936
2264
2318
2321
2686
2689
2883
2930
2954
3116
3190
3193
3285
3307
3316
3380
3427
3456
3483
3508
3658
3957
4011
4092
4303
4345
4355
5090
5093
5133
5157
5160
5186
5188
5283
5439
5446
5448
5527
5739
5752
6136
30
108
704
894
959
1106
1119
1168
1265
1287
1476
1587
1625
1749
1853
1886
1968
2443
2509
2624
2747
2787
2805
2844
2903
3130
3431
3484
3610
3639
3741
3823
3964
4139
4215
4409
4430
4691
4696
4724
4765
4814
4898
4937
4973
4977
5037
5158
5214
5347
5516
5709
5817
5850
6001
6052
6194
305
312
384
724
880
1051
1082
1123
1186
1215
1242
1408
1456
1531
1604
1834
1883
2114
2262
2399
2419
2426
2631
2727
2863
2929
2988
3109
3208
3230
3365
3505
3565
3715
3807
3833
3933
3990
4063
4413
4470
4480
4633
4640
4816
4873
4979
5143
5417
5588
6044
6143
6220
100
154
170
314
356
427
603
703
794
974
1067
1241
1392
1556
1558
1668
1705
1794
1833
1864
2351
2352
2369
2420
2459
2481
2622
2732
2876
2892
2946
3051
3070
3271
3277
3566
3609
3623
3913
3998
4124
4169
4184
4187
4243
4248
4296
4320
4322
4369
4484
4572
4655
4805
4978
5069
5260
5310
5324
5328
5337
5367
5480
5526
5538
5545
5556
5605
5700
5871
5925
6025
6149
6176
6207
24
139
161
604
666
695
1244
1342
1502
1516
1584
1614
1623
1825
1927
1993
2031
2141
2167
2212
2319
2337
2607
2776
2793
2836
2895
2931
3013
3027
3091
3213
3256
3325
3357
3370
3476
3481
3624
3693
3811
4018
4027
4053
4131
4158
4188
4230
4326
4375
4477
4508
4721
4741
4753
4866
4916
4969
4990
5227
5290
5326
5590
5914
5930
6236
15
284
290
487
497
653
660
661
692
767
904
917
920
1000
1052
1157
1164
1190
1196
1226
1259
1338
1378
1461
1480
1661
1663
1806
1826
1862
1889
1893
1948
1984
2108
2339
2628
2774
2943
3000
3005
3072
3093
3236
3306
3410
3422
3527
3550
3605
3680
3858
3900
3988
4002
4035
4061
4074
4100
4213
4285
4332
4382
4388
4478
4560
4670
4935
5011
5082
5087
5236
5289
5393
5483
5499
5565
5688
5777
5895
5929
6096
210
417
434
678
923
967
1055
1214
1301
1474
1692
1695
1724
1897
1904
1951
1982
2126
2143
2316
2348
2383
2397
2453
2469
2483
2548
2590
2672
2719
2906
3021
3064
3227
3346
3455
3522
3554
3569
3580
3590
3628
3638
3781
3837
3889
3903
3924
4041
4073
4175
4261
4297
4399
4500
4558
4625
4813
5063
5099
5140
5154
5229
5264
5297
5319
5355
5384
5426
5512
5706
5995
6081
6217
395
490
556
596
753
863
1279
1329
1534
1636
1819
1838
2129
2156
2174
2219
2265
2309
2350
2441
2458
2520
2524
2605
2620
2737
2925
3058
3211
3254
3336
3373
3408
3466
3669
3713
3718
3722
3727
3731
3779
3789
3814
3821
3822
3852
4008
4336
4403
4469
4502
4517
4546
4571
4658
4687
4770
4893
5270
5280
5783
5838
5855
6050
6055
34
262
416
527
672
941
1077
1102
1118
1284
1318
1477
1596
1624
1727
1914
1941
2251
2255
2400
2468
2489
2592
2775
2789
2813
2855
2922
2926
2927
2997
3004
3007
3043
3096
3111
3179
3181
3204
3259
3506
3767
3792
3859
3887
3938
4052
4165
4258
4299
4329
4362
4394
4414
4456
4457
4557
4598
4613
4628
4699
4702
4739
4764
4899
4911
4924
4991
5000
5049
5081
5118
5135
5181
5273
5281
5389
5445
5488
5604
5616
5626
5652
5662
5701
5758
5781
5808
5812
5926
6189
6239
6246
111
333
379
485
517
614
813
928
1025
1085
1089
1187
1199
1251
1273
1343
1402
1420
1426
1536
1620
1631
1783
1813
1882
1891
1932
1949
2030
2057
2162
2213
2335
2404
2413
2478
2525
2530
2563
2609
2627
2670
2703
2757
2837
2848
3049
3120
3205
3255
3389
3412
3421
3449
3495
3546
3619
3719
3750
3828
3854
3999
4066
4075
4178
4200
4268
4497
4579
4651
4660
4833
4889
4894
4918
4926
4962
5122
5203
5206
5250
5358
5374
5376
5562
5597
5671
5674
5704
5771
5888
6056
6109
6190
6283
27
574
628
673
688
714
716
855
1258
1286
1323
1354
1567
1579
1598
1629
1686
2007
2076
2154
2188
2196
2367
2416
2462
2598
2693
2803
2928
2970
3020
3173
3281
3293
3360
3436
3457
3475
3493
3570
3646
3683
3752
3775
3800
3850
3956
3985
4017
4043
4051
4119
4150
4156
4186
4208
4224
4308
4350
4503
4570
4588
4593
4747
4757
4812
4821
4838
4844
4940
4948
4994
4997
5059
5061
5070
5109
5130
5151
5185
5375
5455
5479
5586
5610
5618
5634
5636
5677
5722
5760
5778
5793
5848
5875
6000
6090
119
227
408
409
610
680
770
1042
1091
1230
1272
1404
1484
1597
1790
1978
2018
2097
2130
2165
2190
2239
2256
2445
2554
2574
2644
3026
3045
3069
3102
3122
3134
3243
3315
3425
3470
3520
3665
3736
3778
3805
3832
3939
4013
4093
4095
4111
4280
4316
4358
4501
4569
4669
4719
4720
4773
4829
4840
4878
4934
4939
4942
5106
5136
5139
5141
5144
5147
5153
5159
5202
5213
5230
5302
5313
5321
5496
5514
5547
5559
5644
5719
5796
5845
5857
5864
6045
6053
6151
6186
6245
43
51
125
179
495
528
720
750
827
830
1001
1034
1113
1124
1293
1312
1407
1424
1468
1562
1734
1741
2090
2148
2307
2406
2523
2581
2735
2746
2783
2901
2916
2963
3133
3150
3269
3432
3524
3651
3698
3710
3879
3883
3936
4098
4107
4194
4310
4318
4372
4376
4384
4401
4410
4435
4452
4536
4550
4617
4653
4672
4703
4716
4817
4818
4832
4848
5080
5124
5195
5198
5242
5271
5293
5342
5551
5563
5603
5640
5725
5768
5830
5918
5921
5955
5984
6041
6058
6076
6180
92
136
464
727
864
867
874
925
948
1174
1396
1618
1682
1717
1731
1769
1792
2131
2401
2428
2475
2479
2571
2584
2585
2606
2692
2705
2736
2749
2794
2918
2986
3100
3141
3183
3235
3241
3330
3331
3386
3398
3537
3557
3640
3661
3694
3742
3818
3864
3902
3928
3940
3951
4064
4079
4128
4134
4341
4357
4439
4518
4585
4778
4850
4869
4909
4912
4915
5005
5095
5131
5168
5178
5187
5190
5247
5263
5381
5435
5525
5529
5549
5609
5646
5670
5724
5748
5849
5894
5997
6043
6134
6167
6213
6279
112
174
229
420
805
901
1300
1571
1619
1679
1712
1723
1739
1755
1822
1945
1977
1992
2021
2088
2231
2272
2290
2499
2547
2565
2604
2613
2666
2699
2720
2730
2879
2902
2914
2989
3166
3197
3249
3282
3321
3366
3482
3674
3717
3744
3838
3869
4025
4039
4110
4163
4276
4282
4291
4313
4340
4398
4400
4405
4416
4436
4607
4646
4668
4700
4796
4802
4834
4923
4927
4985
5055
5177
5254
5481
5518
5535
5583
5713
5756
5787
5805
5877
5886
5917
5959
6040
6150
6242
6280
6314
203
257
282
349
619
629
763
772
822
986
1059
1110
1120
1234
1256
1325
1397
1441
1459
1478
1488
1653
1718
1809
1863
2015
2080
2106
2163
2207
2235
2518
2534
2664
2817
2980
2994
3113
3117
3219
3260
3288
3317
3518
3545
3551
3596
3607
3712
3716
3743
3877
3904
3945
3980
4003
4057
4167
4185
4289
4290
4321
4333
4349
4494
4526
4568
4638
4839
4856
4925
4938
4971
5004
5041
5100
5104
5121
5163
5173
5219
5278
5284
5309
5322
5344
5366
5368
5371
5396
5472
5502
5578
5673
5784
5822
5860
5898
6039
6042
6080
6125
6157
6201
6289
185
220
296
509
580
587
592
706
749
811
983
1133
1302
1339
1430
1481
1529
1573
1827
1866
1888
1902
2066
2111
2195
2250
2266
2310
2421
2500
2536
2608
2642
2655
2704
2751
2777
2822
2847
2889
2899
2936
2937
2967
2968
3044
3118
3131
3209
3221
3279
3284
3308
3340
3384
3409
3450
3458
3492
3500
3521
3563
3686
3746
3751
3794
3802
4143
4145
4177
4216
4266
4271
4274
4307
4317
4343
4395
4407
4482
4499
4661
4780
4855
4858
4877
4884
4896
4901
4960
4961
4989
5156
5162
5166
5231
5237
5298
5323
5456
5467
5468
5536
5539
5606
5628
5643
5703
5766
5785
5803
5906
5952
5975
6015
6022
6031
6049
6057
6166
6188
6281
6290
66
76
124
165
275
398
486
494
555
605
702
748
766
921
987
1107
1163
1313
1371
1403
1460
1551
1764
1786
1850
1873
1925
2134
2198
2203
2371
2402
2502
2612
2633
2695
2957
2983
3232
3245
3275
3300
3359
3642
3738
3739
3763
3766
3783
3886
3987
4023
4054
4067
4166
4255
4275
4338
4353
4386
4391
4417
4437
4453
4465
4516
4531
4567
4578
4589
4609
4652
4862
4957
4970
5042
5056
5094
5113
5142
5201
5338
5348
5385
5413
5566
5689
5695
5696
5733
5736
5740
5844
5931
5935
5976
6013
6048
6112
6129
6132
6184
6197
6330
103
137
191
329
332
347
381
446
472
558
584
686
736
741
780
905
951
981
1031
1056
1121
1176
1191
1229
1249
1250
1264
1292
1309
1632
1691
1742
1746
1773
1803
1849
2071
2092
2113
2137
2149
2236
2237
2288
2370
2398
2409
2510
2535
2629
2662
2812
2831
3014
3024
3036
3067
3080
3144
3157
3163
3234
3239
3272
3289
3411
3415
3584
3611
3613
3631
3654
3720
3755
3765
3793
3810
3815
3847
3865
3878
3919
3932
3953
3992
4085
4182
4183
4211
4267
4421
4440
4444
4535
4540
4611
4614
4634
4685
4718
4733
4749
4775
4811
4857
4881
4976
4981
4986
5060
5107
5108
5126
5148
5205
5212
5257
5378
5425
5440
5458
5476
5577
5589
5633
5705
5707
5728
5786
5789
5920
5933
5966
6016
6028
6072
6079
6082
6089
6111
6202
6223
6272
6273
6274
50
216
266
283
310
423
670
744
841
975
1008
1036
1045
1048
1064
1228
1276
1351
1353
1388
1553
1634
1654
1707
1747
1928
1986
2048
2208
2241
2261
2270
2317
2358
2362
2511
2519
2546
2599
2723
2799
2825
2920
3046
3378
3383
3448
3461
3494
3544
3591
3695
3937
3962
4012
4037
4065
4094
4199
4217
4228
4324
4356
4460
4462
4486
4522
4594
4643
4667
4678
4711
4738
4782
4783
4822
4851
4867
4920
4929
4974
4982
4983
5017
5019
5098
5150
5155
5194
5251
5252
5291
5294
5432
5462
5466
5495
5534
5557
5602
5611
5658
5666
5668
5684
5745
5802
5923
5978
6002
6003
6144
6165
6191
6192
6226
6253
40
192
239
316
668
852
856
966
1012
1114
1285
1610
1688
1753
1775
1800
1892
1894
1898
1976
1989
2019
2091
2099
2193
2278
2302
2320
2504
2701
2765
2811
2874
2947
2965
3084
3174
3201
3268
3294
3371
3442
3444
3473
3657
3701
3714
3740
3759
3860
3888
4206
4222
4301
4328
4330
4529
4555
4606
4758
4759
4830
4836
4846
4859
4880
4895
4903
4914
4949
4964
5020
5036
5043
5083
5120
5167
5240
5246
5308
5312
5351
5394
5418
5421
5497
5517
5543
5546
5629
5631
5738
5747
5754
5763
5770
5780
5824
5846
5867
5897
5905
5954
5999
6033
6117
6128
6155
6219
6249
6293
6319
85
269
399
421
462
561
643
739
870
952
1032
1149
1592
1615
1670
1935
2082
2087
2164
2558
2588
2645
2649
2665
2798
2858
2904
2912
2985
3062
3145
3262
3265
3451
3491
3556
3670
3696
3758
3770
3774
3797
3817
3876
3897
3931
3991
4016
4042
4045
4047
4062
4146
4168
4191
4196
4252
4314
4374
4644
4682
4693
4710
4712
4723
4742
4754
4837
4864
4876
4954
5015
5022
5033
5065
5075
5088
5292
5364
5395
5405
5415
5521
5622
5661
5665
5682
5687
5732
5749
5751
5790
5828
5835
5840
5866
5919
5970
5990
6029
6036
6168
6316
13
80
171
268
415
440
524
585
757
900
918
932
989
991
1014
1053
1128
1305
1373
1503
1507
1606
1674
1767
1874
1915
2061
2210
2216
2280
2301
2314
2437
2472
2482
2493
2501
2572
2640
2682
2702
2834
2891
2915
2961
2962
2993
3055
3071
3104
3296
3327
3423
3488
3641
3848
3881
3890
4028
4038
4050
4180
4251
4381
4487
4527
4534
4587
4601
4616
4750
4815
4863
4883
4952
4999
5001
5072
5089
5179
5217
5253
5268
5339
5461
5475
5530
5548
5568
5639
5656
5672
5708
5737
5807
5862
5922
5924
5944
5974
6114
6145
6336
53
60
264
299
311
512
573
579
599
691
857
885
962
999
1193
1223
1380
1607
1745
1798
1868
1947
1955
2012
2100
2293
2298
2304
2551
2580
2616
2687
2718
2878
2942
2952
2969
3002
3028
3097
3143
3147
3185
3305
3437
3440
3462
3526
3571
3634
3637
3688
3757
3772
3918
3946
3996
4007
4070
4122
4141
4193
4348
4365
4378
4379
4496
4509
4510
4530
4548
4566
4597
4620
4632
4645
4675
4694
4707
4748
4761
4789
4843
4845
4882
4956
4963
5067
5149
5175
5244
5299
5303
5383
5484
5570
5607
5617
5619
5655
5711
5764
5795
5815
5819
5821
5825
5832
5842
5901
5907
5963
6026
6034
6064
6094
6105
6135
6158
6203
6225
6229
6247
6277
6294
6308
6311
21
38
82
86
138
150
206
207
336
371
441
552
752
781
788
854
984
1134
1296
1451
1514
1602
1613
1630
1733
1759
1839
1983
1999
2051
2258
2410
2471
2539
2542
2595
2711
2819
2829
2913
3347
3402
3405
3420
3618
3729
3835
3856
3885
3969
4020
4034
4112
4118
4144
4225
4265
4284
4295
4364
4459
4576
4582
4623
4760
4786
4799
4825
4868
4888
4996
5016
5040
5046
5062
5097
5110
5184
5200
5286
5346
5350
5359
5433
5487
5580
5678
5685
5715
5727
5734
5753
5774
5776
5779
5892
5951
5960
5980
5981
5998
6005
6009
6059
6124
6142
6175
6204
6209
6258
6264
6312
6332
117
337
402
430
477
498
520
687
775
820
902
1068
1359
1429
1458
1575
1685
1720
1805
1835
1856
2132
2142
2183
2187
2204
2240
2353
2457
2561
2575
2700
2709
2750
2753
2955
3244
3248
3374
3387
3490
3538
3660
3675
3735
3827
3970
4138
4152
4264
4334
4346
4380
4389
4418
4422
4426
4448
4475
4493
4512
4513
4552
4591
4647
4763
4779
4828
4841
4879
4928
4993
5084
5138
5146
5172
5176
5233
5265
5274
5311
5316
5318
5370
5424
5431
5490
5508
5542
5569
5573
5574
5591
5593
5625
5638
5654
5699
5800
5813
5851
5883
5950
5956
5989
6006
6037
6062
6074
6146
6152
6169
6170
6205
6248
6257
361
452
616
840
884
1513
1603
1757
1890
1899
1917
2283
2315
2342
2366
2377
2526
2559
2677
2748
2764
2869
2873
3168
3177
3184
3215
3252
3414
3441
3514
3594
3627
3690
3697
3762
3861
3899
4101
4105
4121
4127
4135
4155
4339
4402
4432
4458
4481
4533
4690
4737
4776
5031
5057
5096
5102
5241
5256
5267
5296
5307
5340
5372
5387
5390
5397
5423
5449
5463
5465
5492
5494
5498
5531
5553
5575
5598
5680
5712
5723
5743
5833
5861
5945
5947
5967
5992
6060
6113
6133
6163
6200
6241
6317
6327
270
281
286
308
391
710
768
814
825
876
926
1009
1205
1243
1389
1423
1438
1508
1561
1583
1671
1988
2043
2044
2085
2103
2279
2392
2492
2522
2537
2597
2712
2717
2976
3057
3203
3401
3477
3512
3543
3600
3608
3813
3839
3841
3901
3921
4179
4236
4283
4442
4472
4485
4511
4515
4603
4677
4715
4820
4861
5018
5024
5030
5058
5074
5114
5125
5210
5275
5349
5354
5380
5391
5399
5427
5459
5471
5504
5505
5520
5567
5582
5621
5650
5663
5664
5717
5741
5794
5801
5837
5839
5859
5876
6007
6010
6038
6070
6093
6101
6199
6235
6267
6284
6298
6302
6321
6340
413
1079
1394
1493
1568
1797
1963
2067
2116
2252
2488
2577
2632
2643
2691
2893
2998
3098
3107
3159
3216
3237
3406
3446
3471
3515
3667
3678
3682
3816
3845
3934
3966
3974
4056
4181
4223
4246
4287
4288
4367
4433
4615
4630
4730
4885
4904
4906
4933
5002
5025
5026
5054
5086
5116
5249
5277
5388
5402
5438
5443
5450
5500
5540
5550
5555
5576
5630
5775
5806
5873
5909
5939
5941
5946
5948
5957
6087
6102
6115
6122
6140
6208
6210
6233
6238
6255
6265
6269
6270
6287
6315
6322
109
140
437
545
779
790
1317
1617
1828
2041
2073
2323
2376
2570
2587
2708
2842
2859
2984
3032
3156
3313
3367
3467
3498
3499
3517
3612
3809
3910
3947
4022
4454
4468
4483
4506
4524
4631
4656
4756
4887
4897
5085
5134
5137
5228
5238
5255
5386
5482
5519
5558
5571
5596
5612
5637
5852
5854
5870
5887
5934
5985
6021
6023
6099
6119
6127
6139
6179
6182
6185
6230
6240
6256
6271
302
812
878
933
980
1495
1527
1681
1921
1959
2155
2259
2436
2454
2497
2573
2578
2625
2679
2771
2810
2854
2939
2996
3037
3060
3188
3231
3267
3341
3533
3542
3560
3616
3625
3645
3704
3709
3728
3866
3923
3960
3978
3997
4021
4033
4036
4106
4149
4250
4359
4360
4370
4383
4428
4446
4471
4519
4577
4586
4610
4662
4665
4790
4810
4819
4824
4827
5034
5048
5071
5073
5078
5164
5171
5232
5325
5401
5437
5444
5464
5491
5507
5522
5528
5554
5581
5690
5744
5746
5811
5820
5826
5882
5884
5910
5936
5940
6030
6106
6234
6268
6329
261
478
534
915
1111
1410
1434
1698
1823
1895
2022
2390
2487
2553
2661
2856
2956
3006
3009
3114
3224
3379
3400
3426
3523
3539
3547
3733
3863
3893
3909
4046
4090
4129
4273
4445
4467
4505
4648
4663
4727
4823
4847
4852
4860
4890
4966
5027
5035
5092
5245
5272
5282
5360
5406
5454
5477
5485
5506
5513
5515
5572
5592
5718
5720
5721
5799
5818
5872
5969
5996
6018
6032
6047
6061
6078
6085
6104
6153
6160
6172
6187
6231
6266
12
382
754
1138
1245
1319
1340
1908
2104
2248
2306
2364
2425
2934
2941
3222
3338
3403
3453
3691
3692
3972
3994
4114
4244
4327
4366
4408
4495
4551
4581
4673
4751
4908
4921
5117
5207
5407
5409
5410
5442
5447
5451
5457
5509
5635
5642
5769
5809
5816
5831
5856
5863
5865
5881
5902
5953
5979
6054
6123
6138
6227
6276
6297
300
513
514
1117
1307
1363
1385
1466
1525
1896
1974
2267
2276
2515
2852
2950
3095
3146
3161
3295
3334
3407
3447
3478
3617
3662
3983
4049
4078
4203
4214
4254
4547
4583
4604
4657
4736
4755
4788
4947
5021
5044
5066
5115
5189
5262
5288
5343
5379
5404
5428
5474
5600
5608
5613
5615
5648
5731
5761
5767
5847
5943
6035
6046
6091
6110
6156
6164
6174
6177
6178
6196
6261
6296
6333
819
865
997
1937
2034
2127
2243
2329
2332
2576
2788
2894
2953
2958
3041
3635
3873
3895
3995
4153
4207
4352
4543
4596
4666
4689
4774
4854
5161
5170
5226
5330
5345
5579
5657
5714
5827
5896
5911
5986
6019
6027
6069
6071
6108
6118
6148
6181
6221
6250
6251
351
538
1938
2403
2824
2838
2932
3791
3795
3849
3976
4300
4354
4423
4731
4853
4871
4900
4922
4951
4972
5258
5301
5315
5362
5434
5585
5599
5649
5669
5804
5904
5982
5993
6068
6098
6107
6120
6137
6154
6232
6243
6254
6288
6307
6342
728
972
1148
1440
1719
1768
1962
2139
2244
2722
2910
3092
3094
3202
3226
3350
3496
3734
3803
3875
4113
4197
4325
4427
4447
4544
4706
4835
5112
5191
5220
5222
5314
5334
5400
5533
5632
5697
5759
5868
5879
5890
5928
5968
5971
5977
5983
6012
6075
6084
6193
6198
6218
6237
6300
6304
6320
6325
6334
1235
1967
2101
2102
2395
2564
2756
2802
2875
2881
3671
3943
3977
4032
4220
4504
4521
4650
4717
4795
4905
5053
5145
5209
5218
5353
5420
5489
5595
5623
5641
5841
5874
5893
5916
6004
6077
6103
6215
6303
6338
209
496
578
1472
1594
2189
2763
2945
2966
3264
4077
4083
4337
4450
4489
4562
4743
4959
5045
5103
5129
5183
5235
5287
5333
5382
5416
5419
5470
5627
5645
5653
5659
5693
5698
5742
5772
5829
5843
5878
5988
6024
6065
6095
6131
6147
6161
6183
6222
6224
6259
6260
6275
6286
6292
6305
6323
6341
625
1075
1595
1777
1869
2567
2728
2734
2867
3087
3225
3965
3979
4117
4130
4227
4270
4461
4542
4797
5128
5295
5317
5710
5729
5788
5797
5798
5814
5915
5972
6100
6206
6282
6295
6328
6335
833
859
1872
2653
3418
3439
3806
4087
4239
4335
4431
4740
5216
5624
5692
5735
5937
5958
5961
5987
5994
6278
6326
1771
3724
3857
3922
4162
4629
4784
5414
5614
5676
5810
5834
6051
6063
6162
6173
6244
6263
6306
6318
6324
90
5885
4363
4637
4732
4965
5361
5460
5552
5667
5755
5913
6020
6083
6086
6130
6159
6195
6252
6262
6285
6310
6313
6346
6352
2974
3747
4172
5524
6337
2160
2484
3391
4708
5332
5991
6088
6097
6211
6331
6345
6350
3588
3620
4076
4561
5503
5869
6212
6291
6299
6339
6343
6344
6349
1108
6067
6214
6216
6301
6347
5647
6228
6309
6348
363
3582
6351
6121
6171
