121
43
1
64
356
761
192
156
221
318
479
287
118
610
328
801
996
122
17
113
586
45
1565
574
576
267
248
305
718
10
210
831
722
935
193
670
298
204
4
75
218
290
216
89
99
334
239
1569
73
101
415
163
257
34
377
307
783
236
383
88
359
1017
852
381
189
1282
805
245
915
128
1248
936
825
458
1834
252
168
492
15
687
1501
1045
542
706
172
322
3
400
588
214
892
967
312
272
448
580
1142
18
37
51
456
1557
87
186
487
858
875
265
35
459
66
302
222
1608
246
989
1653
859
1957
283
179
748
1604
485
1626
679
1213
1230
1384
430
1320
68
84
