470
682
452
7
296
859
127
548
638
797
690
688
706
618
46
474
641
22
414
934
697
930
559
370
75
269
484
719
866
303
741
322
167
732
384
275
554
898
154
678
620
633
203
385
476
575
567
48
11
418
377
792
354
97
87
338
882
535
283
9
909
490
864
52
833
603
659
894
785
636
463
25
168
226
910
469
472
300
114
662
694
381
32
171
200
911
365
394
766
179
122
689
19
146
261
412
380
817
352
102
422
29
770
505
517
96
729
225
595
318
264
483
105
101
349
299
408
465
823
30
243
881
204
929
406
50
545
53
448
180
647
192
215
698
504
815
240
702
69
940
434
655
3
51
368
460
398
194
233
856
578
1
18
931
456
435
594
362
291
652
147
27
317
895
83
284
193
579
748
20
47
23
123
79
471
820
348
383
379
596
259
347
916
449
478
488
822
673
214
