112
652
847
344
333
1146
539
810
580
365
343
89
218
511
467
224
1020
42
228
54
914
363
592
189
594
92
215
623
465
170
334
121
145
417
424
990
249
136
236
305
741
816
785
753
787
13
832
165
733
557
587
340
874
25
899
64
558
97
387
485
698
588
307
637
15
788
113
308
554
475
665
761
935
939
600
149
239
565
1019
533
279
262
941
243
950
737
812
148
49
1057
843
572
786
66
287
550
88
316
862
453
436
501
374
750
176
456
1131
984
1044
1034
983
850
629
819
653
23
660
367
438
40
1232
504
524
9
673
301
1116
311
610
259
423
352
508
202
563
411
725
956
1201
820
348
1407
960
130
717
488
482
396
1343
77
65
865
274
908
739
718
222
1128
397
440
412
1190
593
1123
687
71
1037
686
642
502
938
78
815
269
329
936
527
377
198
920
766
543
994
707
275
1017
721
1207
628
151
470
666
297
1114
402
431
576
314
447
1027
452
923
568
123
241
829
553
790
336
1245
479
1250
967
306
217
238
796
406
386
716
194
75
1148
1082
928
513
799
798
254
776
12
762
282
693
916
981
330
29
803
414
1184
1113
442
650
389
802
690
1242
1097
432
403
701
730
342
1312
723
96
1436
407
538
917
1179
555
435
1021
618
445
1120
1262
1089
729
471
954
1279
1035
720
1002
672
778
963
1050
181
519
694
384
1110
644
649
924
514
512
974
602
1043
232
1456
1255
881
685
841
831
258
783
1065
797
988
205
1432
715
290
468
919
616
1261
1115
948
429
134
498
1256
185
944
1028
964
94
897
525
570
925
745
289
1283
1332
634
354
1073
1039
768
1291
932
1376
1081
996
640
541
154
1046
1029
1317
1087
109
74
326
212
1444
597
191
1040
1051
347
966
1006
312
632
872
607
1211
1167
825
67
752
518
318
1018
349
1129
0
459
1023
1395
1505
591
522
1285
309
51
82
271
905
159
1323
901
1031
1132
460
648
833
415
804
703
298
713
537
1000
1402
823
1059
779
1014
1438
870
517
399
1008
3
754
876
1443
328
1315
346
1477
1060
1394
1227
732
986
1535
1076
885
1036
596
978
772
392
969
516
448
1240
871
509
1152
1139
364
891
1102
795
168
1078
760
201
1328
1164
674
608
682
1331
1033
1153
327
887
1127
668
1500
1161
784
1336
1258
1329
1228
1048
1378
1349
734
562
791
129
18
157
542
808
836
639
1173
840
809
806
337
1085
1458
1473
1032
906
492
888
1217
483
931
68
69
1194
1405
1263
457
604
1155
854
719
422
469
651
1420
910
1142
1066
1338
814
1147
965
1178
481
909
1166
747
1186
413
921
664
1368
1091
736
667
1259
1223
1181
1174
1247
477
393
892
927
1352
735
770
1478
845
1278
1260
484
1430
669
1231
1303
1539
144
1212
1342
1243
626
1363
857
1290
1026
603
1445
1197
1274
863
559
860
1192
111
1276
742
1225
1226
472
757
731
491
450
617
1381
1466
1090
972
52
1070
1177
61
811
1353
821
663
1107
961
1117
1534
1068
1305
890
1136
1292
661
678
1106
358
645
748
1410
793
1103
1203
1191
1221
1314
896
1300
985
1193
573
1149
106
853
162
1213
1487
474
582
1302
478
1141
827
1234
609
953
140
1012
926
1159
125
368
903
1067
1108
284
947
332
710
520
1414
968
1271
1246
705
893
1154
584
351
740
1341
638
989
1061
992
102
676
681
1241
844
561
1257
231
244
1064
805
987
1198
1143
959
1301
898
1156
970
1005
856
1202
1350
270
1055
150
605
486
253
227
1313
724
1379
1235
1130
350
895
1484
879
975
1355
288
419
1385
1412
952
1180
699
1320
1135
547
621
1092
679
1163
1452
1158
1397
55
1460
962
79
1054
496
1422
1393
902
141
171
643
1421
1088
749
1404
654
515
310
1348
1529
487
1053
973
1493
1501
372
955
1568
1099
1165
1327
1134
894
1390
852
1359
499
958
822
1536
1373
1325
807
1558
1150
1521
1003
1233
37
300
1109
1189
70
771
680
1230
1503
1196
1462
1416
835
1218
614
774
1483
1182
551
882
549
1038
1104
1409
813
647
1431
1485
1237
1171
706
1380
1419
1475
1434
1433
1236
1425
578
1205
1204
1491
1252
999
1079
942
1365
1398
1360
824
1358
234
1498
688
675
1004
929
1295
1124
1415
1121
1176
1273
1345
1298
1386
24
1461
1007
625
957
1372
1101
1086
1401
1294
709
1417
1399
1248
408
589
1486
1015
1175
982
991
1512
85
1515
915
495
57
60
1084
76
1208
90
1424
107
700
1122
1400
1340
769
359
1169
995
163
1269
884
174
574
1047
1094
1195
219
242
758
552
1418
395
949
1532
1062
1024
1266
1494
759
1370
426
1440
1282
583
1406
1011
1188
1437
1518
1277
1454
765
868
598
722
1264
1497
1470
1160
1185
1199
826
859
976
1224
1304
1383
345
907
1016
1219
378
998
1111
1172
1467
210
1426
696
1249
320
1374
313
1560
1093
1239
566
656
1566
1339
1543
1265
620
581
702
545
1311
1479
590
1392
1080
980
1525
993
1546
14
1447
126
1384
1371
532
756
1367
1112
1356
1524
1022
160
1100
1455
1098
187
458
226
1495
1280
1330
1284
355
877
1551
418
1499
612
546
1318
1520
940
1354
1471
1361
1025
1275
1118
44
1296
62
560
842
777
712
81
506
490
1056
1214
1333
230
1162
878
1083
1297
1254
1375
1446
1555
1469
1125
1272
1077
127
937
704
1442
1324
585
1502
338
1537
1229
839
1137
912
911
1009
1075
1509
1306
1316
1307
83
1251
449
636
137
951
1045
1531
1527
838
1145
1074
296
1140
1042
531
904
846
1268
428
794
726
503
1552
781
883
861
1369
1351
1561
1567
1030
1151
945
1334
1364
918
1071
1496
1096
1308
1293
1362
1504
1206
1517
1388
1310
1542
1377
1289
1481
1133
1119
1168
886
1533
1488
1569
382
1449
1429
1453
476
1389
801
1526
1309
817
1366
567
1474
691
1396
1459
1545
1451
1267
1095
1570
1344
933
1423
1511
1522
1200
1435
1492
979
1523
200
627
971
977
1550
913
339
430
1553
1472
1187
1281
1253
746
1326
1538
1519
848
1347
1413
873
1337
934
1411
1476
1549
1322
1216
1562
1210
1270
1220
1554
427
1428
1126
1557
1346
1209
1391
1490
1513
1144
493
1244
1183
1286
1001
1506
16
1238
1299
1508
1571
1507
1287
1544
606
922
1288
1489
1530
1105
1547
1514
1041
1563
1382
1335
1516
1319
1556
711
1528
1049
1321
1063
1403
1439
1387
1427
943
1357
1052
280
997
789
851
1170
1564
1215
1540
1559
1069
1408
1448
1468
1222
360
1157
1480
1457
1565
1482
1138
1465
277
867
1548
1541
1450
763
1510
1463
1464
1441
