122
91
56
182
110
117
206
80
356
179
5
95
166
410
22
115
20
46
98
441
197
38
335
128
21
229
167
325
357
256
240
169
118
433
188
556
146
27
388
246
17
251
195
119
120
186
47
379
72
425
124
586
451
214
321
655
196
172
173
409
281
155
370
751
376
635
101
190
391
530
177
10
714
245
291
273
404
45
677
439
523
385
780
738
100
443
622
773
341
50
142
278
420
437
500
19
528
463
58
371
261
143
353
104
11
577
39
828
105
283
292
223
32
303
260
489
900
671
529
8
211
216
369
317
266
63
286
133
619
521
695
727
4
830
375
250
93
7
193
421
454
34
26
540
114
544
864
304
208
294
293
526
361
394
158
86
1010
322
889
869
183
507
220
624
631
203
571
630
299
131
59
331
505
225
466
657
268
264
728
108
43
164
534
139
383
221
48
53
267
213
613
184
659
569
494
1
161
272
683
782
575
263
497
662
400
235
646
405
1058
535
800
689
380
180
209
199
697
416
84
633
875
461
237
446
510
156
834
285
462
33
6
99
132
87
444
548
257
755
295
152
641
73
615
849
138
204
373
401
147
252
381
265
480
775
28
658
767
684
35
744
579
473
946
595
366
319
1013
36
116
2
837
455
178
866
792
464
1072
880
601
41
599
692
255
153
611
855
302
536
192
135
175
390
103
858
818
247
930
31
324
233
248
564
434
764
323
276
315
207
362
30
398
743
670
708
