815
244
807
630
464
47
236
623
797
406
421
887
153
679
429
776
396
470
596
183
366
770
913
254
379
633
1046
356
814
49
533
214
458
828
410
819
644
348
240
314
897
37
1103
466
799
182
766
8
386
228
178
221
720
218
341
663
384
53
811
542
896
407
741
750
693
1095
268
477
306
354
411
758
504
952
34
482
939
895
285
1047
272
298
937
579
589
817
834
454
235
79
469
593
164
364
523
649
408
754
639
211
539
872
42
273
322
125
622
626
870
119
161
439
441
446
1199
790
238
351
818
934
162
906
946
35
48
541
956
938
966
461
536
782
1098
32
643
798
215
563
378
521
169
194
260
269
951
233
538
552
628
904
725
1039
85
100
467
832
449
126
188
258
409
468
926
627
242
415
668
699
640
786
1020
76
237
249
762
816
1096
109
217
703
954
1036
625
821
858
248
393
401
478
860
871
756
806
928
489
824
854
121
220
940
1456
60
1158
1125
6
1041
1055
115
173
372
514
575
330
671
696
959
760
103
261
488
820
1243
290
583
689
423
687
808
157
973
438
759
839
941
110
315
495
31
39
967
1187
685
831
525
631
748
362
984
1215
795
363
463
785
1060
1094
5
89
580
691
1064
336
522
793
900
1450
792
293
765
803
812
840
1063
1107
1133
1385
312
416
457
634
673
1344
742
970
1045
252
705
289
491
864
893
944
965
345
726
50
556
566
432
612
945
111
222
398
510
985
1043
702
805
838
1015
1178
113
526
239
910
1017
1128
44
73
880
77
779
961
493
499
621
698
1259
84
667
686
57
537
979
107
608
752
761
143
508
744
1236
93
172
927
1110
234
543
833
1038
1248
294
440
620
753
1029
365
841
1072
1223
51
950
1131
507
561
681
728
813
844
1037
1129
1328
485
778
953
1106
1548
329
909
69
90
213
503
511
655
1104
12
544
331
447
553
743
802
915
112
255
275
474
1074
78
208
476
512
577
56
167
594
731
982
551
1062
1101
1166
881
980
1040
1218
190
256
513
684
836
1081
1188
448
471
632
1130
418
654
715
1222
516
856
905
981
987
996
1051
1229
451
530
645
682
704
855
911
914
569
604
638
771
879
524
676
718
889
1114
1427
27
92
247
494
502
971
58
101
250
270
368
560
791
1079
1113
251
670
740
892
902
1157
1192
395
647
669
827
842
869
898
283
498
554
652
901
1001
82
497
853
1002
1332
71
253
346
664
701
711
835
1012
1089
1117
1176
94
204
1140
1197
1228
492
646
826
1035
1111
170
481
692
697
867
903
975
1194
848
863
932
1026
1097
1191
1216
1318
1339
1342
1515
116
923
1337
1377
231
370
600
1056
1099
1237
1325
581
635
1019
1137
1334
1356
1513
296
781
857
891
1160
1181
772
284
531
555
688
829
845
935
1077
1233
1326
550
745
1075
1147
1150
1226
1341
1447
295
357
810
1025
1202
1207
1444
369
509
545
948
1257
176
207
769
1016
1396
1398
70
613
616
657
739
809
1108
1252
1364
259
549
1139
1471
405
573
653
777
859
912
960
978
1151
1254
108
568
605
637
843
883
1088
1100
1174
1319
1350
571
582
611
825
1031
86
515
547
619
862
1085
1119
1195
1224
1330
721
787
1070
1217
1227
1258
1368
212
572
729
850
865
1044
1149
1345
1357
1451
1511
75
559
700
907
925
943
1102
1132
1221
1235
1346
1397
1425
675
894
955
968
1068
1143
1148
1172
1201
1231
1340
1349
102
200
480
506
609
708
709
716
877
977
1033
1118
1249
1338
160
189
601
878
1162
1206
1244
1327
1351
1354
1360
1363
1393
1395
1465
203
210
570
607
823
964
983
1009
1013
1127
1134
1135
1321
1540
288
931
997
1018
1180
1198
1335
1353
81
205
614
665
674
789
866
899
917
1164
1169
1361
1424
1446
1547
137
602
606
736
876
1014
1042
1311
1315
1329
1352
1365
1435
91
104
586
749
847
868
930
1069
1071
1087
1091
1120
1179
1204
1234
1246
1269
1296
1313
1322
1370
1375
1430
1440
1452
257
460
496
505
574
888
962
1024
1030
1141
1184
1190
1247
1251
1355
1367
487
548
724
861
1008
1011
1053
1093
1112
1165
1175
1209
1372
1400
1409
1470
528
562
651
656
666
735
751
767
775
851
884
916
921
922
990
1082
1185
1193
1203
1238
1379
1381
1448
1507
1514
1551
576
584
849
882
924
949
957
995
1067
1073
1138
1154
1220
1230
1232
1280
1333
1429
1441
1558
74
662
714
737
963
988
998
1090
1126
1146
1161
1171
1214
1219
1255
1287
1331
1391
1455
1466
1478
1550
95
529
659
678
717
719
874
972
974
999
1005
1050
1057
1116
1122
1124
1152
1167
1173
1213
1241
1260
1261
1358
1378
1457
1460
1463
1532
297
636
658
712
738
846
920
929
986
1004
1006
1022
1052
1059
1080
1115
1121
1163
1189
1196
1200
1208
1210
1283
1314
1401
1405
1443
1459
1480
1530
99
303
484
873
890
989
991
1058
1253
1256
1317
1369
1383
1384
1408
1423
1473
1516
1529
1539
1552
1565
98
486
546
650
660
713
722
747
788
875
886
1010
1054
1061
1078
1183
1212
1265
1271
1272
1323
1362
1371
1382
1439
1467
1469
1474
1526
1535
1545
490
565
610
615
706
764
885
969
1000
1023
1032
1084
1086
1123
1136
1153
1182
1295
1347
1366
1380
1388
1394
1403
1417
1445
1461
1468
1472
1475
1483
1512
1518
1556
114
557
908
942
947
1003
1007
1065
1066
1105
1109
1142
1156
1159
1170
1177
1186
1205
1245
1266
1267
1276
1278
1305
1336
1343
1359
1386
1387
1392
1420
1422
1426
1434
1437
1449
1476
1484
1506
1549
1561
1562
1571
80
292
483
723
746
852
976
992
993
1049
1155
1225
1268
1273
1282
1284
1297
1376
1389
1390
1399
1402
1404
1407
1413
1433
1442
1464
1482
1492
1503
1508
1510
1517
1524
1527
1536
1537
1538
1559
1560
1563
1567
1568
1570
680
707
734
773
919
1028
1034
1092
1144
1168
1211
1250
1274
1279
1294
1306
1307
1373
1406
1432
1453
1454
1462
1487
1500
1519
1520
1521
1522
1523
1525
1528
1531
1541
1543
1546
1555
1557
1564
1566
1573
1574
145
603
730
1027
1083
1145
1240
1242
1308
1324
1348
1374
1411
1414
1415
1416
1418
1419
1431
1436
1438
1481
1490
1495
1509
1533
1542
1544
1554
617
994
1021
1076
1239
1262
1263
1264
1270
1275
1277
1281
1285
1286
1288
1289
1290
1291
1292
1293
1298
1299
1300
1301
1302
1303
1304
1309
1310
1312
1316
1320
1410
1412
1421
1428
1458
1477
1479
1485
1486
1488
1489
1491
1493
1494
1496
1497
1498
1499
1501
1502
1504
1505
1534
1553
1569
1572
