174
267
17
424
1
392
152
381
7
263
18
30
133
138
278
29
9
274
325
343
4
124
148
282
140
590
146
197
22
23
14
199
403
66
179
301
224
19
155
15
13
394
266
311
757
28
316
26
185
287
279
46
118
11
453
43
300
317
193
127
332
123
40
459
436
3
130
159
25
380
618
128
20
335
223
500
399
472
154
334
677
150
229
120
96
151
444
24
191
276
339
404
434
419
412
308
431
122
310
302
520
129
587
796
588
382
192
430
156
232
139
327
347
136
794
265
414
10
2
328
629
326
733
309
694
21
65
456
180
225
264
391
175
134
168
371
420
517
324
319
417
475
389
727
443
135
195
286
291
38
755
830
428
305
564
271
837
149
340
209
397
219
358
933
591
33
321
783
376
88
41
141
186
187
801
246
342
117
166
230
437
67
184
400
132
277
318
360
452
313
642
390
641
710
202
320
540
106
198
337
64
388
201
784
63
333
918
227
52
672
0
936
241
377
822
163
958
450
61
131
144
578
422
299
280
307
532
206
435
68
196
597
352
768
373
171
177
479
361
59
534
774
142
243
402
165
473
349
216
425
592
72
374
344
62
87
323
433
1048
732
281
465
16
355
375
383
445
599
83
527
147
262
387
105
304
648
54
501
683
97
158
804
567
800
367
519
353
518
245
36
181
442
535
45
695
455
462
55
413
427
661
226
338
690
780
385
585
763
598
426
558
595
350
359
624
