1043
2241
2632
2702
2768
2945
2955
3323
3961
4155
4452
4714
4989
5160
5206
5219
5326
5488
5530
5753
5864
5991
6099
6226
6240
6740
6885
7055
7234
7250
7288
7980
8688
8818
8917
8920
8930
9245
9664
10277
10361
10432
10439
10597
10663
11611
12033
172
435
558
607
1005
1009
1483
1559
2574
2911
2977
3114
3427
3737
4064
4298
4579
4603
5072
5081
5162
5403
5707
5813
6027
6088
6119
6406
6417
7752
8023
8435
8463
8465
8474
8598
8705
8742
8874
9132
9159
9415
9642
9936
10558
10647
10659
10872
10947
11131
11340
11786
11843
99
425
563
601
694
817
974
1240
1253
1334
1388
1499
1628
2151
2367
2452
2568
2653
2725
3069
3259
3782
3818
3843
3959
4341
4594
4608
5271
5336
5407
5426
5586
5604
5965
5993
6190
6230
6241
6354
6444
6776
7378
7720
7982
8199
8357
8624
9533
9744
9981
10219
10222
10249
10262
10437
10496
10575
10887
10893
11097
11929
12362
2
183
485
554
663
839
1365
1548
1604
1630
1633
1832
2272
2310
2449
2627
2631
3004
3305
3435
3889
4143
4314
4582
4751
4945
5068
5397
5510
5801
6071
6102
7112
7129
7239
7273
8197
8625
8685
8758
8991
9634
9827
9942
10093
10231
10538
10691
10712
10720
10729
10774
11152
11164
11244
11618
11700
12057
12292
12941
13418
156
675
771
1004
1092
1607
1638
1757
1823
1921
2390
2426
2604
2762
3054
3056
4210
4275
4654
4797
5040
5073
5122
5181
5230
5395
5673
5780
5808
6283
6379
6743
7661
8172
8216
8233
8274
8423
8577
8860
8889
8900
9291
9602
9609
10047
10283
11009
11050
11196
11424
11490
12469
32
214
227
699
827
1021
1063
1208
1263
1398
1600
2182
2456
2687
2892
3087
3383
3420
3649
4006
4145
4706
5038
5143
5289
5293
5294
5459
5595
5624
5655
5672
6123
6272
6750
6843
6859
7243
7858
8524
8551
8726
8763
9032
9288
9323
9429
10276
10334
10484
10488
10743
10822
10890
11256
11289
11346
12278
13520
90
147
161
222
233
243
351
459
461
622
642
783
820
1071
1790
2391
3309
3783
3793
4554
4753
5207
5253
5322
5651
5669
5834
5892
6097
6207
6258
6879
7351
7739
7944
7973
8013
8302
8569
9005
9436
9498
9625
9708
9841
10091
10322
10567
11061
11679
11793
11855
11950
12029
12067
12169
66
72
286
620
721
730
781
858
881
1125
1129
1135
1320
1435
1518
1649
1814
1877
1955
1971
1976
2008
2026
2092
2093
2315
2373
2711
2882
2891
2935
2952
3066
3149
3723
3943
4192
4455
5106
5107
5217
5235
5503
5653
5711
5723
5992
6069
6171
6181
6203
6299
6804
7065
7214
7717
7718
7873
8275
8589
8608
8636
8867
8975
9610
10034
10043
10045
10259
10323
10517
10532
10708
10833
10856
10867
10894
11028
11096
11371
11487
11715
12296
12763
17
58
75
280
318
658
784
950
991
1291
1637
1802
1833
1961
1983
2295
2413
2761
2857
3060
3348
3933
4521
4787
4858
5118
5126
5141
5328
5380
5396
5414
5445
5698
5729
5895
6291
6816
6974
7336
7863
7878
7950
8210
8309
8541
8723
8835
8899
9152
9438
9463
9542
9586
9722
9950
10040
10468
10706
10992
11074
11310
11397
12221
12856
12868
12883
12912
368
390
697
717
722
760
782
1290
1311
1444
1613
1778
1799
1862
1910
2209
2317
2510
3245
3255
3771
4163
4514
4553
4740
4790
5349
5502
5516
5728
5883
6018
6062
6301
6424
6428
6449
6477
6963
6981
7023
7040
7119
7224
7656
7672
7694
7701
7995
8071
8156
8231
8259
8401
8504
8724
8775
8890
9333
9444
9450
10208
10248
10297
10301
10507
10850
10998
11040
11089
11116
11321
11916
12348
12662
12711
12879
221
307
608
882
1049
1207
1270
1385
1994
2028
2294
2441
2660
3075
4136
4169
4241
4244
4549
4709
4807
4820
4964
5007
5070
5090
5113
5158
5298
5546
5769
5884
5995
6161
6208
6277
6336
6418
6446
6602
6989
7042
7318
7654
7866
7871
7929
7960
8041
8485
8522
8618
8748
8749
8753
9386
9472
9547
9581
9589
9836
10005
10547
10724
11021
11073
11146
11370
11479
12575
12701
12847
267
295
338
350
472
524
528
606
777
891
1159
1359
1412
1542
1798
1820
2073
2497
2635
2655
2769
2923
2963
3035
3112
3364
3718
3796
4191
4532
5075
5155
5182
5208
5268
5377
5659
6033
6337
6386
6389
6429
6799
6841
6896
6986
7125
7294
7938
8158
8243
8337
8486
8714
8719
8810
9030
9219
9435
9543
9548
9644
9812
10275
10286
10325
10348
10382
10561
10877
10909
11138
11228
11235
11416
11563
12040
12534
12562
357
475
520
561
568
745
1069
1126
1430
1506
1514
1593
2029
2096
2208
2289
2450
2927
3058
3151
3274
3411
3592
3720
4015
4180
4186
4289
4295
4382
5048
5156
5316
5359
5370
5392
5485
5685
5967
6002
6116
6162
6307
6321
6397
6411
6468
6487
6673
6738
7227
8526
8531
8554
8570
8733
8738
8777
8791
8863
9539
9558
9681
9737
9931
9980
10064
10070
10293
10359
10509
10605
10836
10859
11159
11231
11600
11910
12228
12287
12526
12925
12950
13192
13248
13263
235
397
631
845
1006
1187
1664
2616
2658
3050
3099
3115
3121
3329
3860
4273
5179
5640
5649
5955
6239
6329
6352
6353
6522
6584
6756
6772
6827
6993
7106
7231
7267
7341
7659
7682
7732
7741
7864
7996
8063
8234
8627
8696
8727
8780
8854
8885
8939
9233
9613
9819
9924
10002
10035
10198
10602
10633
10669
10936
11415
11427
11663
11907
11934
11976
12110
12213
12597
12907
13250
15
242
402
415
443
630
797
1096
1122
1223
1501
1552
1645
2080
2299
2307
2522
2613
2743
2751
2793
2924
3055
3140
3795
3875
3912
3922
3947
3999
4130
4309
4574
4605
4667
4674
5037
5082
5089
5282
5308
5347
5657
5803
5953
6107
6363
6650
7736
7913
8022
8190
8397
8494
8605
8921
9189
9254
9414
9442
9481
9519
9813
9829
10243
10357
10823
10840
11006
11109
11275
11422
11807
11842
11888
11935
11961
11990
13453
230
369
384
535
572
725
793
823
870
964
1013
1030
1042
1053
1055
1108
1149
1343
1449
1775
1888
1899
2003
2352
2432
2506
2619
2661
2799
2865
2944
2975
3036
3125
3431
3701
3713
3828
4069
4151
4194
4255
4423
4456
4483
4499
4502
4530
5128
5233
5302
5317
5387
5420
5779
5853
5877
6080
6164
6264
6381
6626
7244
7291
7331
7877
8108
8261
8306
8582
8707
8746
8828
8909
8910
9092
9308
9381
9532
9755
9768
10011
10312
10395
10398
10411
10420
10973
10985
11090
11153
11241
11920
12571
57
83
119
201
213
241
290
389
427
480
590
599
824
982
1037
1139
1141
1297
1414
1459
1622
2010
2203
2219
2398
2423
2845
2868
2902
2936
2941
2959
3096
3222
3286
3381
3856
4101
4124
4205
4218
4350
4360
4628
4699
5086
5149
5176
5189
5254
5356
5363
5409
5536
5596
5874
6047
6083
6091
6197
6815
6892
6979
7018
7932
8035
8392
8433
8497
8597
8819
9307
9413
9574
9588
9597
9619
9810
10059
10069
10413
10455
10696
10793
10874
10950
11161
11212
11269
11353
11359
11556
11650
11936
12217
12275
12620
12726
13313
13435
13551
13595
52
192
206
409
450
491
585
789
1007
1056
1488
1502
1619
1742
1849
1977
2022
2262
2326
2504
2980
3052
3123
3196
3582
3602
3685
3892
4067
4203
4281
4380
4658
4746
4877
4984
5055
5365
5443
5501
5570
5628
5751
5871
5920
5947
6194
6206
6400
6414
6495
6628
6844
7002
7118
7246
7713
7862
7865
8067
8148
8265
8372
8613
8697
8795
8856
8918
8996
9218
9470
9473
9493
9510
9622
9712
9715
9735
9781
10271
10387
10454
10522
10535
10557
10646
11366
11615
11643
11984
12235
12253
12359
12589
12815
13420
13521
23
111
140
191
239
446
506
609
677
959
1020
1150
1299
1446
1771
1889
2048
2513
2523
2601
2648
2723
2791
3453
3481
4005
4061
4257
4266
4518
4525
4673
4739
4986
4991
5024
5039
5046
5057
5061
5083
5161
5190
5290
5329
5346
5358
5375
5466
5468
5477
5481
5528
5709
5819
5876
6246
6459
6992
7117
7123
7476
7526
7678
7693
7706
7721
7956
8032
8169
8171
8276
8307
8390
8428
8502
8537
8553
8766
9154
9187
9458
9495
9646
10084
10221
10258
10352
10434
10472
10475
10493
10967
11177
11180
11238
11443
11501
11576
11813
11854
11928
12205
12366
12510
12572
12672
12817
13609
14535
14551
49
68
277
399
458
564
623
795
813
935
937
1233
1391
1568
1830
1872
1947
2284
2393
2422
2474
2480
2667
2860
2928
2999
3334
3755
3858
4142
4178
4297
4424
4470
4485
4671
5067
5080
5092
5145
5231
5280
5444
5552
5555
5597
5602
5603
5621
5701
5783
5815
5875
6074
6175
6372
6778
6995
7147
7212
7305
7719
8771
8954
9135
9178
9262
9316
9439
9494
9527
9595
9618
9805
10054
10167
10201
10294
10306
10431
10462
10487
10619
10948
11036
11052
11060
11085
11193
11363
11407
11451
11582
11608
11641
11841
11994
12073
12121
12147
12198
12224
12495
12795
13185
13458
37
65
82
136
276
348
547
674
831
976
1034
1059
1440
1581
1730
1936
2024
2108
2245
2622
2824
2825
2889
3057
3365
3504
4510
4515
4567
4597
4685
4741
4784
4794
4805
4957
5260
5315
5424
5541
5630
5721
5755
5759
5786
5820
5945
5946
5952
6167
6394
6415
6450
6593
6648
7048
7063
7297
7816
7963
7986
7988
8330
8534
8747
8751
8830
8894
8968
8985
9036
9131
9224
9454
9632
9752
9809
9925
9982
10295
10315
10391
10623
10733
10904
10914
10986
10995
11094
11126
11194
11296
11449
11499
11825
11995
12053
12091
12140
12233
12573
12584
13422
13845
146
270
281
359
507
617
680
708
790
816
943
969
1003
1176
1216
1428
1500
1800
2030
2085
2189
2451
2460
2533
2563
2686
2699
2750
2913
2920
3415
3808
3819
4050
4190
4372
4544
4759
4990
5042
5130
5174
5196
5227
5306
5400
5412
5465
5514
5572
5574
5656
5702
5752
5774
5933
6110
6184
6748
6864
6951
7027
7053
7242
7263
7931
7934
7949
8327
8335
8536
8568
8621
8787
8994
9225
9301
9474
9502
10049
10055
10193
10280
10321
10375
10376
10592
10660
10792
10794
10870
10993
11080
11233
11351
11361
11524
11685
11707
11818
11873
11953
12107
12346
12805
12854
12874
12973
13347
166
219
223
314
376
449
522
592
767
977
1041
1088
1259
1308
1375
1400
1743
1868
1887
1897
2057
2421
2839
2895
2922
3333
3700
3801
3925
3970
4109
4181
4228
4310
4512
4632
4701
5035
5079
5165
5472
5525
5782
5822
5966
6205
6345
6448
6990
7043
7051
7471
7677
7870
8053
8356
8394
8495
8797
9026
9122
9125
9160
9287
9471
9662
9694
9723
9779
10056
10389
10427
10537
10719
10854
10876
10952
10953
11115
11160
11290
11619
11657
11908
11960
11962
12457
12574
12792
12857
13496
13790
101
137
212
231
244
311
440
651
798
962
979
1218
1273
1434
1498
1513
1524
2065
2196
2293
2318
2323
2385
2495
2597
2677
2691
2796
2888
2907
2930
2947
3724
4102
4121
4126
4224
4229
4467
4648
4711
4721
4745
4815
4987
5084
5163
5209
5399
5416
5452
5492
5605
5608
5663
5699
5802
5921
5956
6303
6347
6458
6476
6732
6802
6966
7402
7528
7642
8300
8303
8316
8317
8471
8590
8690
8743
8764
8792
9157
9441
9587
9676
9680
9806
9927
10082
10087
10110
10250
10255
10343
10392
10486
10664
10688
10710
10802
10843
11243
11398
11475
11527
11538
11709
11798
11847
11956
12108
12126
12161
12496
13665
13976
11
39
165
174
325
356
394
400
908
942
1058
1227
1282
1313
1352
1592
1656
1738
1835
2056
2221
2353
2841
2896
3061
3153
3862
3949
4100
4188
4401
4475
4523
4531
4583
4586
4622
4653
4983
4997
5036
5246
5300
5382
5405
5580
5654
5666
5781
5817
5858
5869
6067
6075
6109
6113
6189
6216
6223
6498
6527
6884
6897
7004
7278
7698
8152
8189
8213
8281
8398
8538
8895
8988
9111
9231
9260
9302
9528
9566
9585
9685
9707
9720
9729
9732
9733
9825
9930
9951
10080
10338
10449
10450
10471
10591
10766
10778
10786
10863
10885
10892
10951
11063
11066
11139
11308
11494
11500
11552
11557
11565
11816
11817
11998
12291
12484
12538
13188
13500
13571
13575
13773
13916
13954
45
81
131
326
418
643
780
804
886
955
992
1057
1131
1160
1268
1383
1415
1474
1644
1943
1969
2000
2002
2058
2135
2296
2302
2473
2516
2598
2685
2808
2864
2897
2981
2992
2996
4173
4183
4347
4419
4589
4747
4809
4827
4831
4993
5051
5101
5215
5245
5249
5305
5314
5378
5388
5430
5470
5638
5792
5814
5975
6306
6320
6383
6633
6819
6905
6988
7008
7128
7223
7302
7338
7358
7368
7372
7734
8226
8238
8239
8312
8566
8629
8846
8955
9232
9312
9411
9452
9453
9465
9479
9506
9568
9679
9711
9714
9761
9822
10006
10030
10095
10178
10408
10412
10443
10504
10521
10584
10650
10687
10855
10959
10975
11030
11219
11418
11872
11880
11890
12299
12606
13753
5
43
59
69
125
246
340
493
567
668
703
803
806
901
1014
1082
1119
1350
1901
1907
1974
2053
2141
2150
2224
2429
2524
2707
2772
2846
2854
2873
2938
2949
3051
3085
3117
3152
3171
3211
3379
3464
3568
3944
3985
4000
4442
4488
4550
4697
4728
4795
4812
5033
5214
5312
5342
5381
5391
5398
5464
5515
5527
5566
5626
5639
5767
5798
5825
5899
5994
6357
6362
6419
6457
6464
6479
6735
6762
6771
6773
6834
6873
7032
7352
7799
7983
8170
8188
8251
8295
8297
8348
8484
8498
8770
8911
9010
9097
9360
9466
9516
9573
9751
9777
9879
9991
9993
9998
10079
10265
10396
10481
10490
10525
10668
10676
10848
10949
11072
11088
11099
11147
11523
11651
11850
11939
12013
12041
12139
12352
13395
13492
13700
13747
13926
13957
126
178
316
336
546
571
686
709
738
1077
1103
1124
1132
1146
1186
1234
1238
1362
1598
1650
1701
1905
2128
2356
2425
2771
3016
3029
3043
3048
3132
3240
3315
3445
3820
3853
4105
4227
4267
4352
4652
4683
4772
5096
5124
5166
5237
5274
5276
5288
5352
5440
5449
5504
5558
5591
5620
5633
5642
5670
5681
5722
5738
5939
5974
5998
6035
6200
6432
6649
6729
6764
7130
7269
7714
8101
8183
8294
8296
8359
8548
8626
8706
9006
9041
9082
9190
9378
9433
9468
9491
9628
9660
9835
9851
9987
10077
10165
10175
10203
10211
10422
10470
10574
10577
10585
10604
10671
10735
10757
10845
10901
10911
10994
10996
11124
11218
11313
11343
11526
11829
12063
12081
12700
12750
13279
13337
13523
13834
14241
26
51
141
152
173
236
261
434
604
625
712
776
934
1031
1033
1123
1133
1220
1310
1390
1395
1468
1490
1866
2240
2321
2520
2675
2855
2929
3040
3090
3595
3606
3743
3859
3906
4076
4125
4171
4198
4434
4725
4768
4998
5044
5194
5341
5357
5386
5473
5533
5542
5547
5581
5644
5762
5765
5777
5791
5841
5848
5885
5888
5901
5987
6024
6100
6132
6269
6331
6493
6690
6706
6715
6800
6870
6904
6967
7052
7073
7116
7122
7126
7709
7897
7915
8025
8031
8200
8482
8490
8552
8611
8634
8678
8859
8891
9091
9253
9264
9388
9440
9517
9550
9553
9576
9604
9713
9746
9818
9932
9989
10220
10303
10329
10556
10624
10732
10752
10841
10844
10962
10987
11007
11031
11110
11166
11276
11279
11360
11425
11485
11590
11687
11828
11844
12089
12215
12418
12532
12615
12738
12906
13304
13672
13713
13727
13866
13876
13934
4
78
203
211
215
396
529
772
941
1101
1110
1113
1134
1237
1406
1455
1497
1725
2016
2059
2116
2407
2531
2742
2781
2794
2993
3215
3256
3318
3370
3397
3460
3709
3811
3844
3847
4175
4189
4230
4262
4263
4264
4471
4551
4591
4610
4786
4819
4822
4882
5021
5050
5512
5573
5583
5592
5689
5748
5932
6135
6144
6180
6443
6447
6629
6766
6769
6797
6871
7034
7038
7111
7211
7321
7365
7377
7564
7791
7889
7943
8047
8058
8245
8267
8280
8292
8298
8466
8622
8725
8798
9155
9156
9665
9666
9667
9698
9702
9869
9897
10022
10063
10270
10429
10433
10474
10491
10495
10627
10697
10709
10770
10869
10977
10980
11029
11130
11135
11224
11232
11268
11314
11357
11516
11543
11603
11648
11827
11870
11882
12025
12026
12048
12183
12289
12351
12657
12665
12671
12688
12793
13323
13393
13462
13573
13671
14035
53
497
612
614
624
705
716
718
744
753
775
1017
1137
1152
1252
1358
1441
1479
1520
1586
1643
1662
1762
1816
1935
1940
2039
2142
2185
2388
2532
2611
2760
2828
2903
3409
4068
4104
4137
4237
4451
4633
4717
4802
4823
5029
5183
5198
5211
5287
5344
5364
5411
5438
5498
5518
5594
5612
5643
5727
5764
5770
5773
5797
5807
5958
5996
6017
6165
6170
6191
6231
6238
6310
6322
6346
6761
6883
7013
7124
7146
7287
7662
7947
8068
8073
8279
8321
8329
8379
8426
8556
8600
8735
8739
8825
8869
8916
8925
8957
8981
9102
9118
9220
9390
9804
10065
10097
10353
10369
10608
10910
10984
11012
11038
11048
11071
11103
11143
11169
11215
11245
11280
11435
11463
12014
12044
12083
12093
12103
12293
12728
12884
12927
12951
12964
13168
13249
13326
13327
13590
13681
13745
13820
13932
14294
20
84
123
179
306
407
468
539
679
791
835
861
897
917
985
1008
1032
1044
1054
1171
1177
1178
1211
1222
1312
1380
1405
1482
1595
1766
2100
2179
2214
2304
2437
2519
2606
2965
3002
3023
3155
3454
4019
4248
4313
4548
4752
4763
4963
5000
5012
5025
5157
5248
5323
5394
5451
5458
5538
5551
5576
5760
5788
5793
5810
5862
6031
6032
6056
6186
6325
6416
6454
6455
6548
6807
6984
7187
7241
7381
7895
7926
7939
8149
8178
8341
8419
8506
8796
8814
8887
8902
8922
8978
8998
9040
9447
9509
9695
9846
10004
10050
10060
10066
10326
10418
10681
10717
10790
10800
10806
10917
11023
11037
11082
11107
11332
11437
11511
11519
11561
11625
11662
11848
11930
11931
11955
11978
12052
12128
12133
12175
12239
12464
12622
12656
12699
12804
12820
12863
12895
13401
13537
13593
13603
13629
14053
14802
15077
76
204
238
582
596
662
698
720
893
1065
1095
1128
1151
1215
1325
1437
1472
1517
1531
1641
1720
1931
1934
1986
2052
2124
2131
2202
2279
2478
2684
2738
2861
3009
3194
3216
3271
3282
3351
3471
3673
3733
3799
3963
4001
4277
4363
4492
4542
4609
4629
4965
5193
5195
5291
5471
5474
5494
5505
5637
5658
5665
5677
5680
5732
5766
5904
5931
5990
6012
6036
6105
6173
6214
6285
6361
6499
6991
7249
7277
7379
7673
7711
7790
7987
8223
8362
8479
8508
8587
8593
8816
8880
8906
9304
9449
9488
9600
9620
9629
9705
9728
9740
9743
9877
9938
9956
9994
10062
10096
10106
10409
10460
10576
10626
10707
10797
10927
10938
10971
11062
11079
11091
11171
11189
11190
11226
11277
11341
11367
11474
11626
11630
11721
11846
11941
11952
11959
11975
12092
12146
12420
12541
12557
12592
12598
12607
12628
12697
12749
12782
12942
13125
13415
13438
13470
13493
14083
14290
15009
13
122
195
275
284
392
469
527
610
713
778
814
948
963
1169
1205
1354
1432
1525
1652
1815
1851
1863
1870
1957
2104
2267
2328
2339
2341
2555
2559
3012
3113
3181
3200
3287
3343
3388
3406
3428
3470
3526
3683
3953
3994
4004
4211
4240
4417
4466
4796
4924
5026
5053
5076
5103
5277
5285
5292
5340
5385
5389
5548
5600
5652
5675
5796
5859
5961
5963
6049
6143
6251
6317
6483
6506
6513
6529
6572
6621
6624
6758
6783
6814
6836
6865
7044
7256
7731
7874
8002
8446
8472
8586
8789
8866
8951
8970
9423
9427
9432
9515
9521
9536
9612
9658
9673
9803
9811
9821
9937
10046
10051
10072
10078
10214
10217
10244
10252
10273
10288
10366
10466
10492
10512
10533
10539
10571
10679
10744
10746
10771
10853
10937
10946
11069
11137
11223
11305
11355
11358
11364
11400
11426
11461
11464
11607
11698
11790
11909
11943
11996
12132
12243
12452
12483
12488
12535
12614
12668
12741
12858
12896
13177
13499
13548
13642
13780
13879
13884
13915
63
171
216
382
388
412
419
453
653
808
811
993
1001
1025
1100
1304
1374
1377
1476
1528
1565
1566
1777
1794
1845
1958
1979
2077
2113
2350
2364
2418
2453
2610
2656
2777
2933
2995
3034
3086
3094
3204
3371
3455
3689
3729
3730
3849
4232
4319
4416
4474
4486
4495
4960
5031
5059
5109
5127
5313
5334
5371
5450
5506
5564
5734
5827
5830
5849
5908
6021
6034
6177
6188
6198
6282
6300
6313
6355
6391
6436
6438
6542
6561
6583
6598
6611
6856
7037
7045
7049
7251
7276
7400
7735
7746
7914
7941
7984
7999
8262
8578
8581
8591
8601
8606
8773
8851
8855
8868
8948
8995
9000
9025
9048
9244
9303
9384
9417
9434
9480
9492
9511
9537
9649
9674
9742
9787
9933
9935
9943
10013
10058
10236
10246
10313
10388
10473
10477
10523
10528
10540
10674
10695
10715
10777
10829
10830
11018
11041
11065
11119
11178
11182
11206
11261
11270
11298
11327
11560
11580
11717
11826
11899
11927
11958
12070
12086
12268
12585
12651
12708
12796
12860
12928
13190
13299
13460
13687
13726
13803
13816
14048
14058
14060
14101
14193
40
218
322
337
353
432
556
646
815
909
953
971
1442
1456
1487
1748
1792
2090
2121
2305
2795
2886
3251
3261
3264
3308
3386
3426
3507
3741
3784
3810
3845
3867
4066
4177
4185
4351
4358
4397
4421
4438
4489
4584
4665
4750
4855
4856
4951
4994
5008
5071
5102
5140
5173
5192
5242
5273
5309
5343
5413
5434
5613
5632
5668
5678
5694
5733
5845
5913
5997
6013
6156
6260
6293
6472
6574
6613
6620
6647
6749
6801
6822
6869
6881
6987
6994
7054
7077
7328
7355
7737
7861
7883
7930
8174
8207
8260
8416
8420
8425
8475
8527
8609
8883
9035
9107
9108
9331
9402
9431
9464
9551
9739
9753
10068
10090
10257
10272
10281
10335
10345
10347
10371
10530
10612
10718
10913
11068
11155
11299
11356
11436
11478
11488
11505
11507
11520
11539
11585
11594
11596
11613
11617
11631
11702
11811
11853
11945
12066
12117
12145
12180
12185
12202
12274
12514
12686
12705
12709
12890
12921
12956
13257
13295
13405
13505
13647
13817
14116
14760
47
167
198
202
237
299
309
406
463
538
660
671
714
731
752
978
994
1010
1085
1089
1156
1185
1239
1393
1407
1443
1447
1480
1797
1819
1842
2018
2060
2082
2300
2344
2406
2420
2508
2624
2668
2732
3038
3147
3168
3187
3212
3500
3535
3653
3821
3841
3940
4147
4265
4505
4509
4854
4969
5041
5065
5152
5167
5297
5355
5462
5479
5529
5537
5775
5843
5863
5880
5886
5925
5938
5959
6011
6068
6084
6086
6341
6380
6398
6608
6733
6753
7031
7036
7121
7272
7349
7624
7724
7758
7971
7978
8057
8187
8220
8310
8430
8434
8563
8619
8695
8744
8808
8914
8960
9086
9093
9094
9099
9176
9263
9569
9687
9688
9726
9828
10073
10081
10107
10122
10233
10251
10298
10456
10503
10686
10783
10807
10868
10878
10879
10899
10907
10969
11011
11014
11156
11174
11202
11216
11345
11438
11458
11542
11545
11579
11656
11892
11895
11901
12016
12100
12131
12190
12237
12248
12276
12342
12465
12537
12636
12743
12797
12828
12940
12965
13163
13258
13314
13340
13412
13426
13490
13557
13657
13979
14238
14390
25
54
67
187
255
391
519
566
710
785
787
995
997
1073
1086
1091
1242
1315
1330
1373
1378
1629
1759
1782
1929
1967
2045
2283
2982
3082
3266
3335
3349
3367
3414
3456
3525
3800
3804
3842
3921
3928
4144
4278
4339
4398
4420
4465
4599
4614
4766
4828
4922
5027
5146
5184
5264
5301
5353
5418
5437
5469
5478
5507
5549
5559
5582
5615
5690
5691
5739
5758
5866
5879
5917
5950
5957
6010
6019
6228
6316
6507
6541
6576
6721
6790
6910
6916
7057
7101
7151
7208
7233
7235
7285
7366
7738
7906
7937
8008
8026
8185
8343
8366
9080
9114
9320
9376
9462
9524
9567
9571
9601
9640
9656
9677
9716
9724
9730
9760
9771
9772
9862
9920
10052
10209
10304
10358
10364
10370
10379
10458
10497
10534
10621
10772
10789
10827
10839
10921
11002
11039
11053
11078
11121
11175
11258
11271
11283
11311
11322
11365
11373
11406
11414
11433
11522
11622
11654
11722
11823
11824
11946
12003
12017
12054
12072
12076
12184
12196
12218
12240
12270
12332
12350
12519
12521
12715
12745
12790
12798
12894
12899
12938
13432
13549
13568
13641
13667
13688
13754
13925
13956
13988
14289
14581
14597
164
518
575
819
930
957
1078
1157
1288
1404
1470
1515
1527
1549
1705
2031
2112
2229
2486
2525
2579
2807
2814
2875
2961
3005
3062
3095
3366
3419
3633
3660
3997
4020
4112
4176
4396
4469
4543
4757
4774
4821
5047
5052
5133
5137
5170
5263
5361
5369
5448
5511
5563
5610
5645
5662
5697
5708
5735
5832
5861
5940
5976
6016
6020
6025
6101
6151
6248
6261
6286
6365
6551
6625
6665
6725
6745
6765
6810
6818
6929
7177
7280
7503
7532
7625
7786
7859
7959
7979
8151
8162
8353
8364
8371
8400
8431
8447
8476
8480
8488
8567
8571
8576
8905
8913
8931
8977
8993
9004
9052
9385
9403
9505
9575
9635
9638
9651
9671
9717
9794
9861
9921
10319
10390
10393
10564
10568
10586
10637
10776
10796
10826
10981
10988
11043
11081
11118
11125
11203
11225
11301
11419
11430
11440
11566
11572
11589
11632
11659
11796
11819
11834
11864
11887
11913
11972
12075
12129
12142
12333
12478
12502
12568
12714
12809
12813
12859
12963
13146
13156
13335
13402
13419
13440
13529
13533
13598
13689
13705
13723
13752
13871
14877
189
288
297
393
448
530
579
627
711
801
854
855
990
1023
1074
1075
1099
1140
1402
1409
1530
1532
1596
1635
1808
1890
1975
2099
2101
2105
2143
2386
2395
2721
2931
3020
3083
3150
3399
3628
3631
3647
3704
3714
3807
3825
3932
3955
3996
4093
4370
4384
4386
4500
4689
4909
4971
5062
5085
5091
5402
5532
5544
5561
5567
5578
5599
5631
5634
5686
5719
5746
5787
5831
5865
5894
5924
5937
5944
5979
5982
6000
6004
6008
6227
6250
6267
6311
6442
6549
6555
6677
6679
6700
6709
6786
6890
6975
6999
7283
7314
7406
7552
7645
7796
7958
8268
8342
8389
8393
8403
8487
8561
8603
8630
8728
8782
8933
8999
9124
9139
9248
9383
9467
9508
9535
9607
9614
9641
9669
9710
9780
9802
9826
10000
10008
10017
10027
10053
10076
10307
10340
10378
10463
10483
10526
10569
10572
10675
10716
10801
10809
10924
10956
10958
11026
11086
11095
11140
11195
11205
11247
11265
11278
11281
11297
11504
11509
11517
11578
11587
11609
11710
11879
11926
11969
11981
11982
12005
12102
12148
12153
12160
12178
12480
12518
12652
12710
12735
12746
12756
12802
12898
12954
12955
13278
13450
13512
13588
13621
91
138
196
245
574
577
1012
1153
1155
1344
1353
1361
1420
1466
1467
1471
1522
1676
1721
1761
1848
2114
2204
2415
2511
2832
3015
3106
3135
3202
3219
3267
3423
3493
3498
3503
3612
3634
3677
3797
3919
3946
4002
4096
4212
4242
4282
4300
4301
4490
4534
4617
4637
4662
4798
4872
4992
5054
5093
5099
5117
5331
5354
5425
5428
5439
5531
5569
5571
5579
5667
5687
5750
5816
5821
5847
5857
5907
5962
6147
6148
6257
6259
6401
6420
6531
6605
6691
6708
6793
6813
6829
6933
7028
7270
7290
7299
7319
7374
7383
7396
7653
7687
7696
8179
8218
8270
8399
8520
8529
8539
8670
8681
8715
8785
8793
8794
8817
8862
8870
8936
8947
9130
9184
9215
9322
9428
9430
9489
9544
9616
9734
9762
9792
9996
10020
10225
10332
10374
10403
10485
10506
10513
10524
10599
10658
10683
10759
10782
10788
10860
11034
11249
11267
11334
11368
11399
11448
11481
11514
11515
11534
11635
11665
11671
11708
11719
11804
11986
12010
12050
12104
12474
12492
12511
12559
12603
12635
12646
12691
12765
12801
12876
13172
13198
13396
13399
13406
13508
13558
13572
13662
13711
13737
13768
13770
13838
13937
13942
13977
13983
14118
14229
14331
14596
14861
104
615
685
724
960
961
968
972
1026
1062
1068
1148
1183
1427
1655
1779
1844
1860
1963
1990
2137
2258
2580
2724
2840
3026
3109
3176
3439
3463
3489
3548
3590
3803
3903
3938
3956
4158
4207
4225
4329
4337
4385
4389
4536
4615
4638
4640
4813
4818
4970
5201
5228
5234
5236
5251
5374
5393
5421
5429
5560
5575
5635
5684
5710
5785
5789
5898
5914
5926
5986
6064
6121
6166
6234
6350
6370
6390
6512
6532
6536
6560
6642
6678
6686
6760
6774
6805
6821
6895
6941
7022
7074
7156
7188
7226
7350
7401
7478
7501
7651
7660
7928
7975
7998
8224
8282
8305
8314
8436
8491
8628
8677
8709
8722
8759
8813
8950
8976
9119
9127
9151
9158
9161
9328
9380
9382
9409
9410
9512
9556
9582
9583
9603
9654
9670
9682
9690
9770
9776
9823
9896
9985
9999
10074
10168
10328
10397
10446
10546
10570
10610
10613
10648
10682
10713
10737
10745
10747
10763
10808
10816
10912
10934
11013
11054
11127
11273
11410
11465
11472
11536
11633
11644
11660
11676
11711
11774
11874
11891
11997
12012
12171
12187
12188
12192
12206
12284
12344
12360
12396
12414
12444
12544
12576
12599
12621
12632
12655
12666
12695
12758
12869
12877
12903
13178
13189
13310
13316
13325
13394
13416
13442
13444
13487
13494
13555
13653
13656
13661
13735
13831
13861
13971
14092
14195
14214
14224
14226
14307
14378
14559
14590
14592
14722
14781
14968
14998
15381
94
208
264
298
398
424
635
689
761
762
796
809
938
970
1241
1316
1331
1403
1410
1423
1426
1436
1460
1558
1573
1817
1869
2027
2041
2147
2235
2477
2717
2946
2966
2972
3111
3131
3201
3505
3594
3715
3721
3806
4236
4303
4340
4484
4572
4695
4917
4947
5069
5114
5148
5310
5351
5535
5568
5601
5625
5629
5837
5840
5900
5909
5928
6128
6134
6275
6298
6308
6319
6335
6367
6482
6525
6594
6610
6742
6746
6846
6982
7009
7056
7174
7186
7202
7209
7284
7340
7469
7477
7614
7745
7886
8048
8140
8163
8214
8387
8499
8745
8752
8767
9034
9117
9496
9554
9605
9637
9684
9719
9786
9926
10116
10166
10177
10191
10327
10416
10508
10518
10529
10582
10625
10661
10665
10704
10734
10736
10749
10760
10769
10935
10961
11056
11070
11122
11185
11198
11204
11409
11460
11468
11483
11495
11540
11567
11584
11602
11634
11668
11788
11937
11985
12032
12047
12087
12150
12193
12211
12212
12335
12404
12482
12553
12605
12613
12633
12638
12639
12654
12661
12679
12730
12740
12827
12923
12930
13014
13193
13246
13275
13336
13417
13446
13536
13581
13703
13708
13760
13924
13929
13946
13965
13981
13994
13996
14072
14325
14332
14482
14570
14576
62
262
335
401
404
447
481
648
786
794
805
1024
1081
1324
1394
1397
1408
1696
1803
1809
1948
2115
2130
2197
2371
2514
2535
2540
2630
2754
3047
3180
3511
3609
3626
3696
3705
3790
3887
3902
4013
4051
4110
4327
4343
4357
4487
4497
4520
4546
4547
4555
4681
4736
4758
4886
4980
5224
5225
5453
5463
5565
5593
5609
5794
5812
5823
5881
5882
5934
5935
6001
6037
6060
6146
6199
6212
6270
6294
6387
6425
6439
6530
6554
6699
6710
6739
6842
6914
7066
7222
7268
7279
7300
7334
7498
7533
7666
7818
7891
7981
8024
8328
8361
8370
8496
8546
8729
8821
8865
8924
9044
9105
9258
9518
9557
9593
9657
9668
9692
9790
9824
10024
10102
10386
10394
10399
10428
10476
10516
10552
10580
10640
10644
10666
10714
10723
10775
10873
10943
10983
11001
11010
11046
11117
11144
11151
11354
11477
11484
11553
11564
11623
11808
11869
11902
11951
11964
12111
12120
12164
12200
12216
12295
12365
12380
12460
12540
12712
12736
12747
12769
12837
12882
13005
13169
13291
13319
13400
13421
13454
13472
13524
13615
13623
13693
13706
13710
13777
13811
13848
13918
13919
13931
14012
14211
14308
14344
14586
14699
14768
162
199
260
495
605
659
678
681
701
874
1016
1045
1046
1162
1392
1439
1448
1504
1519
1564
1599
1608
1663
1723
1726
1902
2094
2226
2237
2259
2403
2430
2512
2556
2816
2869
2906
3242
3272
3292
3346
3350
3361
3466
3485
3522
3572
3578
3579
3702
3757
3917
4116
4150
4208
4209
4251
4317
4330
4400
4731
4829
4981
5087
5142
5154
5272
5379
5390
5410
5446
5480
5543
5614
5622
5650
5679
5683
5703
5740
5790
5809
5826
5891
5910
5968
6155
6289
6356
6426
6544
6562
6744
6788
6794
6921
6942
6959
7029
7100
7192
7194
7353
7363
7367
7417
7497
7658
7727
7801
7954
7993
8069
8074
8235
8247
8263
8319
8395
8467
8521
8575
8682
8826
8893
9089
9123
9136
9242
9292
9504
9525
9555
9577
9591
9624
9630
9647
9701
9706
9793
9839
9872
9995
10009
10014
10016
10032
10216
10305
10331
10350
10402
10440
10445
10452
10469
10494
10551
10600
10629
10740
10928
10945
10963
10979
11075
11157
11170
11176
11191
11192
11200
11217
11221
11348
11369
11492
11506
11575
11583
11674
11766
11789
11795
11830
11868
11885
11993
12004
12152
12201
12214
12230
12236
12247
12257
12364
12500
12569
12588
12624
12667
12764
12778
12812
12814
12875
12900
12922
12936
12947
13007
13062
13126
13264
13287
13448
13566
13591
13652
13673
13704
13758
13765
13818
13835
13837
13843
13873
13923
14065
14077
14113
14115
14243
14314
14555
14579
14607
14825
15050
175
411
416
420
456
726
727
807
830
906
931
1094
1225
1295
1521
1617
1683
1729
1781
1783
1804
1917
2122
2169
2213
2314
2461
2646
3042
3049
3059
3395
3418
3527
3528
3569
3577
3706
3852
3861
4122
4215
4270
4280
4304
4562
4571
4585
4593
4624
4661
4859
4941
4978
5150
5199
5223
5321
5350
5508
5509
5513
5517
5646
5676
5692
5696
5778
5838
5844
5887
5897
5902
5954
5973
5980
6053
6133
6292
6296
6312
6374
6375
6431
6437
6441
6453
6566
6675
6694
6728
6736
6811
6828
7136
7388
7577
7680
7703
7792
8015
8043
8165
8186
8252
8374
8452
8533
8565
8701
8760
8762
8809
8849
8919
8926
9096
9165
9169
9181
9195
9317
9379
9485
9530
9541
9578
9579
9727
9741
9774
9860
9934
10088
10089
10195
10200
10239
10253
10266
10489
10500
10515
10527
10566
10649
10693
10923
11047
11059
11076
11093
11142
11199
11282
11457
11470
11491
11541
11555
11605
11678
11701
11878
11898
11918
12046
12078
12090
12155
12163
12173
12197
12222
12259
12264
12277
12349
12523
12641
12689
12692
12776
12885
12901
12968
12972
13161
13306
13330
13482
13485
13489
13565
13601
13674
13799
13827
14037
14044
14171
14301
14409
14556
14708
259
437
933
986
1079
1087
1116
1154
1173
1229
1260
1540
1591
1879
2025
2067
2095
2120
2132
2170
2263
2358
2370
2394
2470
2479
2487
2544
2599
2843
2848
3014
3172
3197
3236
3284
3328
3457
3669
3854
3952
3967
4123
4172
4250
4276
4387
4473
4573
4575
4578
4651
4691
4694
4713
4719
4755
4782
4878
4879
4899
4910
5442
5590
5617
5619
5671
5763
5799
5846
5903
5977
6028
6098
6120
6195
6237
6252
6266
6304
6340
6396
6514
6547
6660
6780
6866
6867
7033
7107
7155
7248
7254
7275
7308
7312
7362
7375
7422
7448
7475
7480
7487
7558
7619
7749
7872
7907
7962
7967
7970
8132
8198
8384
8542
8602
8676
8692
8755
9033
9071
9083
9085
9090
9106
9112
9133
9175
9179
9197
9208
9252
9255
9337
9499
9572
9633
9663
9686
9704
9865
9909
9940
9949
9957
10075
10083
10100
10112
10120
10134
10164
10269
10341
10618
10662
10673
10677
10678
10701
10738
10750
10900
10919
10925
10940
10941
10957
10966
10991
11000
11015
11019
11045
11168
11173
11234
11260
11288
11303
11315
11317
11352
11389
11404
11431
11445
11502
11548
11573
11588
11616
11670
11780
11845
11963
11966
11987
12018
12024
12079
12082
12088
12114
12181
12242
12282
12300
12303
12334
12446
12512
12517
12593
12595
12616
12634
12642
12698
12707
12732
12751
12770
12843
12844
12861
12870
12889
12891
12911
12946
12960
13245
13259
13317
13428
13430
13433
13477
13488
13515
13554
13632
13699
13712
13782
13812
13825
13854
13867
13944
13959
13973
13978
13993
14013
14024
14079
14080
14131
14216
14235
14245
14278
14279
14288
14319
14410
14723
14782
14790
14858
14971
14995
562
757
872
880
1000
1040
1127
1243
1401
1413
1523
1578
1660
1747
1767
1791
1801
1836
1891
1895
1966
1993
1996
2006
2044
2063
2236
2238
2244
2250
2254
2297
2336
2396
2491
2596
2644
2829
2976
3188
3193
3246
3273
3278
3468
3492
3529
3553
3558
3671
3680
3968
3982
4007
4054
4152
4170
4223
4283
4302
4607
4630
4634
4675
4712
4770
4814
4849
4852
4888
4911
4912
4930
4954
4973
4979
5001
5015
5023
5243
5279
5432
5557
5705
5736
5768
5824
5896
5919
6048
6157
6172
6183
6255
6366
6392
6489
6516
6519
6523
6534
6558
6661
6687
6730
6781
6817
6830
6848
6944
7019
7132
7154
7169
7183
7196
7219
7236
7262
7343
7361
7386
7561
7580
7671
7712
7729
7751
7911
7912
7946
7985
7994
8051
8075
8242
8269
8278
8332
8339
8385
8503
8505
8530
8595
8612
8616
8663
8694
8778
9024
9027
9084
9115
9185
9286
9374
9389
9394
9497
9545
9599
9611
9678
9725
9750
9773
9843
9866
9871
9923
10003
10036
10071
10109
10199
10204
10210
10290
10318
10320
10333
10511
10598
10656
10726
10728
10742
10784
10832
10838
10842
10866
10896
10978
11181
11186
11246
11253
11264
11266
11291
11417
11456
11469
11512
11530
11546
11604
11624
11640
11655
11658
11799
11802
11832
11949
11973
11980
11988
12009
12051
12055
12065
12096
12099
12105
12227
12297
12298
12363
12490
12516
12525
12548
12551
12578
12596
12601
12637
12680
12753
12762
12822
12839
12866
12872
12913
12932
12953
13032
13059
13145
13184
13262
13280
13288
13320
13331
13334
13342
13348
13410
13437
13513
13518
13542
13543
13547
13560
13577
13602
13625
13639
13795
13808
13874
13921
13930
13938
14025
14027
14075
14205
14268
14287
14302
14372
14483
14755
14778
14796
14866
14923
22
466
747
759
919
998
1027
1080
1102
1105
1307
1309
1382
1562
1587
1671
1702
1709
1861
1884
1959
2083
2087
2133
2190
2252
2369
2409
2496
2503
2505
2900
3110
3146
3270
3319
3450
3462
3767
3792
3897
4146
4437
4482
4494
4700
4737
4744
4806
4866
4906
4926
4966
5345
5404
5484
5497
5526
5534
5664
5747
5754
5854
5941
5943
6096
6127
6210
6235
6268
6358
6412
6475
6636
6670
6701
6835
7080
7385
7418
7424
7550
7553
7665
7730
7842
7953
7969
8003
8004
8100
8237
8246
8283
8301
8315
8456
8501
8669
8689
8702
8756
8853
8878
8898
8923
8952
8956
8972
8980
9153
9314
9318
9418
9446
9476
9514
9564
9693
9721
9775
9840
9842
9912
9939
10108
10119
10181
10245
10287
10344
10356
10367
10383
10400
10519
10579
10616
10651
10655
10657
10731
10779
10828
10849
10915
10931
10964
10982
11016
11055
11197
11262
11272
11328
11337
11349
11401
11411
11497
11513
11627
11718
11720
11765
11831
11838
11862
11865
11932
11977
11983
11992
11999
12011
12109
12143
12167
12195
12199
12223
12234
12288
12294
12301
12345
12410
12436
12466
12470
12471
12497
12503
12505
12513
12528
12530
12550
12552
12590
12645
12649
12669
12755
12768
12787
12834
12852
12924
12931
13006
13008
13171
13180
13181
13183
13186
13221
13253
13289
13294
13302
13467
13502
13504
13532
13567
13626
13640
13690
13697
13715
13751
13841
13858
13868
13878
13914
13927
13969
13975
13985
14061
14172
14255
14329
14330
14337
14373
14498
14512
14688
14780
14826
14846
14941
15042
15084
436
467
488
1029
1194
1329
1356
1396
1422
1425
1450
1509
1516
1594
1651
1677
1691
1915
1984
2088
2148
2251
2253
2349
2378
2472
2490
2502
2719
2991
2997
3000
3001
3167
3182
3276
3281
3320
3376
3380
3434
3523
3550
3607
3655
3694
3864
3950
3973
3992
4269
4376
4621
4846
4892
5094
5218
5475
5556
5772
5893
5936
5970
5971
5984
6040
6044
6054
6136
6326
6348
6502
6520
6573
6609
6612
6824
6926
7050
7160
7191
7412
7515
7541
7587
7631
7728
7787
7800
7882
7885
7942
7948
8050
8320
8323
8545
8610
8631
8784
8842
9046
9162
9352
9490
9562
9623
9655
9675
9756
9789
9791
9817
9830
9881
9906
10156
10373
10385
10550
10563
10565
10622
10748
10758
10811
11084
11098
11162
11207
11222
11257
11263
11274
11344
11381
11413
11434
11496
11547
11562
11569
11599
11601
11677
11683
11785
11803
11837
11877
11881
11886
11905
11914
11940
11957
12031
12119
12203
12336
12424
12463
12468
12520
12542
12570
12658
12678
12696
12771
12784
12835
12867
12881
12914
12989
13151
13179
13260
13273
13305
13329
13351
13427
13436
13464
13474
13479
13506
13530
13563
13596
13605
13691
13731
13733
13743
13746
13750
13769
13810
13819
13955
13984
13990
14062
14100
14191
14204
14237
14242
14312
14569
14602
14704
15057
266
301
334
1036
1107
1292
1314
1326
1492
1508
1693
1700
1913
2049
2066
2102
2228
2274
2308
2440
2517
2588
2718
3037
3262
3263
3360
3441
3499
3508
3805
3871
3993
4049
4164
4292
4324
4333
4368
4383
4581
4588
4645
4696
4738
4845
4857
4863
4864
4867
4874
4927
4935
4977
5202
5522
5554
5695
5833
5905
5915
5960
6022
6030
6129
6159
6187
6193
6222
6295
6297
6359
6435
6535
6705
6752
6789
6852
6882
6950
6955
6997
7078
7139
7157
7158
7325
7394
7403
7427
7465
7470
7697
7726
7769
7830
7976
8077
8164
8206
8338
8543
8555
8559
8564
8620
8664
8699
8812
8858
8886
9050
9128
9372
9408
9526
9531
9615
9626
9691
9849
9855
10086
10114
10192
10227
10282
10309
10355
10414
10435
10453
10765
10781
10837
10920
10939
11025
11104
11114
11163
11184
11187
11239
11285
11329
11387
11442
11462
11466
11467
11559
11612
11620
11704
11806
11852
11863
11948
11970
11991
12074
12080
12158
12165
12191
12204
12208
12210
12341
12374
12493
12494
12529
12546
12555
12580
12609
12631
12640
12644
12647
12650
12659
12675
12677
12690
12704
12752
12754
12759
12766
12767
12773
12788
12791
12794
12811
12821
12824
12846
12920
12935
13033
13167
13174
13267
13274
13328
13366
13441
13449
13468
13535
13538
13562
13576
13578
13676
13677
13722
13776
13839
14040
14071
14089
14097
14127
14253
14272
14281
14293
14418
14577
14685
14702
14770
14787
14797
14809
14869
15136
15212
330
655
769
987
1327
1526
1572
1640
1688
1697
1745
1912
1956
1985
2055
2062
2089
2110
2140
2144
2166
2183
2217
2351
2383
2387
2401
2411
3072
3154
3173
3288
3345
3353
3442
3486
3530
3570
3687
3815
3855
3888
3891
3898
3926
3951
4031
4035
4052
4107
4254
4308
4371
4429
4507
4580
4626
4635
4642
4710
4733
4742
4743
4894
4895
4915
4925
4940
5238
5611
5872
5972
6388
6545
6577
6662
6727
6734
6911
7131
7163
7176
7282
7346
7382
7423
7506
7548
7652
7802
7990
8000
8001
8059
8095
8114
8175
8253
8381
8449
8596
8615
8623
8720
8730
8761
8897
9039
9138
9294
9313
9345
9500
9534
9549
9639
9699
9820
9870
9948
10010
10021
10232
10254
10285
10292
10336
10425
10430
10444
10447
10480
10514
10549
10611
10635
10768
10821
10846
10944
10974
11004
11123
11128
11129
11158
11183
11338
11377
11405
11420
11439
11493
11529
11592
11809
11849
11851
11889
11893
11904
11923
11933
11968
12030
12034
12042
12085
12170
12250
12273
12280
12285
12343
12347
12355
12409
12462
12499
12583
12586
12610
12611
12618
12619
12643
12717
12720
12723
12800
12808
12823
12864
12873
12937
12957
12966
12992
13013
13060
13137
13175
13332
13397
13403
13423
13431
13471
13483
13527
13545
13559
13589
13592
13616
13630
13631
13633
13683
13684
13709
13717
13730
13791
13823
13829
13849
13870
13875
13877
13966
14009
14054
14067
14085
14190
14208
14215
14221
14286
14316
14375
14480
14508
14510
14562
14571
14584
14585
14591
14683
14694
14749
14791
14805
14813
14852
14924
14932
15031
15086
15118
15146
15157
15197
15206
15411
477
763
879
954
984
1206
1322
1433
1475
1477
1507
1669
1678
1686
1698
1707
1736
2061
2069
2075
2084
2145
2153
2215
2218
2338
2542
3011
3018
3144
3192
3207
3300
3303
3311
3326
3480
3482
3547
3564
3566
3583
3596
3622
3739
3837
3850
4075
4253
4394
4439
4440
4577
4618
4623
4769
4861
4876
4907
4955
5002
5319
5431
5467
5811
5860
5873
5906
5911
5923
5951
5983
6247
6384
6490
6511
6524
6546
6578
6580
6671
6702
6847
6980
7165
7173
7281
7462
7513
7524
7538
7743
7784
7833
7834
8006
8009
8017
8036
8112
8128
8195
8212
8219
8257
8288
8345
8368
8386
8451
8454
8517
8525
8588
8836
8938
9023
9043
9069
9095
9143
9150
9217
9279
9324
9334
9338
9339
9342
9419
9696
9697
9709
9748
9785
9801
9833
9838
9876
10115
10158
10170
10186
10247
10368
10548
10555
10559
10638
10645
10652
10689
10721
10767
10834
10858
10875
10902
10960
11020
11022
11136
11172
11211
11324
11326
11408
11521
11528
11532
11537
11610
11628
11639
11675
11690
11714
11716
11751
11759
11778
11782
11801
11857
11883
11938
11944
11974
11979
12021
12027
12064
12094
12113
12154
12244
12245
12393
12524
12547
12567
12594
12617
12627
12716
12719
12761
12777
12807
12853
12855
12871
12880
13021
13124
13187
13315
13321
13408
13411
13414
13456
13457
13473
13478
13481
13491
13497
13514
13526
13550
13580
13607
13637
13651
13694
13714
13734
13749
13757
13761
13788
13869
13920
13935
13947
13950
14045
14056
14063
14081
14104
14179
14210
14246
14276
14315
14334
14335
14336
14345
14352
14382
14388
14392
14500
14532
14539
14558
14566
14574
14589
14604
14611
14700
14747
14758
14831
14845
14847
14953
14976
15030
15036
15109
856
885
1130
1232
1285
1533
1668
1708
1722
1829
1838
1894
2068
2154
2163
2187
2211
2368
2389
2493
2518
2626
2978
2988
3071
3184
3198
3241
3283
3299
3317
3327
3389
3440
3465
3487
3494
3506
3534
3541
3563
3675
3779
3834
3863
3865
3870
3910
3914
3958
4008
4233
4279
4373
4526
4576
4625
4636
4722
4726
4834
4870
4904
4943
4967
4976
5348
5441
5641
5720
5737
5839
5870
5929
5949
6023
6041
6043
6141
6254
6256
6465
6538
6592
6601
6704
6724
6826
6962
6965
7015
7041
7067
7094
7097
7166
7178
7181
7199
7261
7398
7409
7411
7415
7468
7527
7636
7753
7771
7772
7825
7835
7860
7922
7974
8078
8157
8159
8215
8407
8523
8721
8907
8928
8997
9047
9073
9098
9110
9113
9126
9137
9186
9249
9290
9356
9590
9636
9754
9759
9814
9847
9959
10104
10105
10194
10264
10362
10606
10617
10667
10761
10785
10795
10812
10847
10976
11077
11133
11227
11240
11254
11316
11323
11441
11525
11535
11586
11591
11637
11647
11664
11672
11692
11696
11731
11738
11775
11814
11815
11954
11967
12039
12049
12062
12068
12084
12136
12141
12159
12162
12166
12186
12241
12258
12283
12307
12337
12430
12433
12448
12472
12531
12563
12629
12670
12674
12718
12724
12780
12831
12842
12878
12886
12897
12909
12917
12918
12933
12962
12988
12994
13018
13038
13092
13176
13224
13244
13293
13312
13343
13344
13358
13461
13475
13480
13495
13511
13516
13613
13634
13644
13655
13664
13702
13738
13764
13771
13815
13836
13856
13857
13933
13941
13952
13980
13997
14021
14038
14051
14055
14057
14087
14098
14108
14117
14144
14222
14227
14254
14285
14306
14322
14338
14342
14593
14606
14646
14647
14684
14686
14687
14697
14718
14726
14753
14769
14771
14812
14835
14884
14895
14926
15048
15073
15093
15149
15228
15231
1
344
349
360
1084
1175
1214
1355
1461
1469
1535
1575
1855
1893
1900
2015
2051
2134
2155
2165
2175
2181
2200
2205
2210
2248
2249
2543
2728
3025
3033
3102
3139
3169
3275
3306
3378
3467
3474
3479
3496
3517
3531
3539
3565
3747
3822
3826
3916
3918
3972
3978
3979
4003
4026
4480
4649
4655
4718
4734
4835
4916
4975
5110
5745
5818
5836
6015
6026
6221
6518
6559
6603
6622
6659
6680
6695
6767
6845
6891
6961
7000
7014
7089
7109
7150
7185
7259
7410
7444
7445
7455
7456
7461
7500
7597
7600
7604
7606
7632
7755
7793
7813
7831
7848
7849
7853
7880
7898
7899
7992
8046
8060
8091
8098
8103
8248
8250
8271
8273
8277
8402
8453
8661
8799
8815
8904
8986
9020
9055
9072
9077
9088
9103
9256
9269
9343
9363
9369
9375
9407
9425
9437
9594
9648
9683
9757
9837
9868
9908
9916
10007
10026
10125
10131
10146
10190
10196
10260
10401
10553
10690
10739
10813
10905
10930
11024
11027
11111
11132
11141
11167
11251
11306
11336
11342
11385
11403
11453
11471
11498
11510
11518
11568
11646
11667
11689
11694
11699
11733
11758
11787
11833
11859
11866
11897
11906
11912
12023
12037
12122
12130
12144
12149
12168
12172
12232
12271
12475
12476
12477
12479
12485
12536
12560
12676
12684
12694
12727
12734
12819
12825
12833
12919
12948
12952
12975
12987
13022
13057
13070
13131
13159
13182
13217
13218
13230
13255
13266
13339
13443
13498
13507
13509
13525
13531
13553
13564
13606
13638
13701
13718
13724
13744
13748
13756
13779
13792
13822
13846
13860
13872
13958
13986
14066
14086
14088
14103
14106
14196
14305
14318
14355
14357
14429
14444
14503
14557
14568
14573
14675
14748
14757
14759
14762
14815
14850
14859
14860
14870
14958
14970
14984
15029
15059
15082
15115
15443
287
691
895
958
1138
1381
1411
1534
1618
1718
1859
1962
2109
2227
2246
2357
2612
2984
2985
3063
3134
3166
3302
3337
3342
3459
3473
3502
3532
3846
3882
3896
4167
4344
4393
4844
4860
4884
5045
5186
5320
5435
5436
5520
5521
5661
5731
5948
5978
6005
6202
6485
6508
6606
6638
6674
6683
6688
6697
6716
6751
6850
6893
6928
6943
6957
6964
6983
7061
7088
7200
7364
7425
7426
7433
7436
7466
7492
7518
7521
7547
7593
7620
7779
7788
7811
7845
8005
8106
8127
8204
8208
8367
8415
8417
8418
8450
8468
8481
8668
8717
8788
9087
9182
9188
9214
9227
9277
9355
9513
9621
9749
9778
9788
9901
9907
9946
10161
10308
10536
10751
10753
10762
10880
10926
11017
11057
11058
11113
11388
11421
11482
11571
11621
11645
11706
11724
11730
11744
11840
11858
11942
12015
12022
12124
12125
12127
12176
12194
12225
12255
12281
12339
12395
12504
12543
12545
12558
12587
12663
12693
12713
12722
12760
12786
12806
12838
12865
12902
12916
12997
13010
13031
13056
13073
13093
13157
13158
13196
13301
13307
13322
13354
13429
13439
13451
13544
13556
13582
13599
13618
13622
13635
13648
13658
13670
13716
13719
13728
13732
13739
13741
13767
13804
13813
13826
13982
14046
14049
14068
14102
14114
14128
14213
14228
14267
14291
14339
14365
14560
14717
14754
14761
14767
14801
14804
14991
15002
15249
15322
308
343
347
600
865
989
1018
1035
1505
1612
1639
1679
1695
1710
1841
1858
1930
2071
2072
2076
2098
2107
2225
2482
2499
2507
2527
2529
3006
3250
3298
3307
3322
3387
3458
3512
3521
3562
3580
3584
3608
3611
3618
3682
3748
3775
3812
3874
3901
3948
3995
4022
4053
4078
4291
4426
4428
4449
4468
4476
4715
4885
4889
4921
4946
4962
5693
5713
5716
5730
5855
5916
5922
5930
6029
6042
6082
6201
6244
6333
6382
6422
6460
6533
6537
6599
6600
6639
6692
6723
6840
6854
6880
6927
6934
6938
6939
6940
6947
6948
6954
7047
7082
7095
7096
7098
7162
7215
7220
7322
7392
7431
7452
7460
7481
7519
7534
7542
7582
7601
7618
7733
7754
7783
7812
7821
7823
7827
7850
7856
7904
8039
8045
8096
8104
8532
8544
8803
8804
9081
9206
9221
9236
9240
9293
9351
9368
9371
9393
9424
9482
9745
9747
9798
9889
9891
9893
9895
9905
9964
10136
10159
10202
10346
10639
10787
10864
10891
10895
10903
11150
11237
11375
11396
11570
11597
11606
11614
11703
11734
11741
11800
11810
11812
11867
11900
11911
11924
11965
11971
12007
12019
12035
12043
12045
12069
12112
12207
12229
12231
12302
12370
12378
12399
12400
12408
12455
12486
12564
12600
12623
12625
12630
12660
12731
12818
12830
12959
12961
12991
12996
13000
13009
13029
13035
13050
13128
13164
13194
13225
13236
13243
13251
13252
13283
13298
13303
13308
13341
13345
13349
13369
13374
13384
13385
13398
13413
13447
13452
13459
13476
13517
13539
13540
13583
13610
13619
13620
13628
13675
13692
13698
13725
13775
13778
13781
13794
13802
13809
13814
13844
13881
13883
13909
13928
13940
13949
14010
14018
14019
14036
14047
14096
14209
14249
14324
14364
14381
14384
14386
14398
14405
14454
14456
14493
14509
14524
14541
14545
14548
14550
14552
14572
14583
14598
14625
14642
14679
14680
14707
14715
14744
14774
14789
14799
14800
14808
14851
14886
14937
14943
14959
14978
14983
14987
14988
14992
15008
15010
15026
15044
15053
15064
15065
15071
15114
15124
15200
15210
15366
15425
15426
15484
15507
888
1104
1323
1399
1539
1584
1657
1666
1684
1687
1689
1692
1746
1857
1953
2012
2078
2162
2167
2184
2233
2256
2261
2476
2498
2998
3003
3030
3108
3291
3375
3396
3437
3514
3552
3554
3560
3586
3600
3620
3625
3651
3662
3665
3678
3732
3778
3824
3920
3974
3998
4342
4359
4367
4369
4459
4479
4538
4566
4720
4875
4901
4919
4948
5203
5519
5867
6006
6209
6229
6505
6528
6540
6570
6655
6684
6696
6698
6737
6741
6777
6787
6803
6823
6833
6839
6855
6906
6924
6945
6976
7007
7059
7069
7086
7103
7133
7167
7207
7216
7225
7310
7393
7404
7416
7420
7459
7486
7516
7525
7536
7560
7572
7605
7608
7621
7710
7775
7782
7795
7810
7824
7837
7841
7879
7892
7916
7924
7933
7991
8034
8094
8102
8107
8119
8124
8160
8202
8205
8232
8284
8350
8354
8369
8413
8438
8455
8477
8500
8512
8515
8635
8651
8672
8675
8801
8805
8824
8845
8847
9009
9021
9049
9057
9065
9066
9134
9183
9191
9196
9201
9212
9278
9310
9358
9377
9396
9661
9892
9902
9904
10023
10111
10300
10311
10351
10380
10419
10505
10609
10699
10703
10722
10824
10881
10884
10922
10932
10955
11100
11106
11149
11209
11294
11372
11395
11473
11503
11598
11653
11680
11742
11750
11756
11768
11769
11856
11871
11903
12002
12028
12038
12095
12097
12098
12101
12174
12252
12254
12263
12279
12290
12328
12340
12361
12375
12419
12426
12438
12442
12450
12487
12498
12539
12581
12582
12681
12685
12706
12742
12748
12779
12799
12826
12836
12841
12845
12929
12943
12967
12978
12986
13020
13040
13097
13102
13115
13197
13254
13281
13282
13285
13333
13353
13367
13380
13425
13434
13445
13484
13503
13522
13534
13561
13569
13579
13585
13594
13624
13636
13720
13729
13772
13800
13801
13828
13865
13910
13936
13943
13948
13968
13974
13995
14041
14069
14091
14094
14107
14112
14175
14180
14183
14202
14207
14212
14218
14262
14304
14317
14321
14358
14387
14415
14452
14485
14527
14575
14578
14594
14627
14664
14666
14689
14690
14756
14773
14776
14806
14807
14828
14838
14839
14888
14900
14909
14961
14972
15014
15024
15045
15051
15070
15078
15094
15129
15216
15219
15221
15235
15246
15248
15373
15383
15384
15393
15401
15462
15469
15491
15500
15550
15554
560
676
756
1015
1022
1181
1200
1462
1536
1538
1541
1577
1654
1659
1706
1712
1896
2050
2064
2079
2081
2103
2138
2156
2168
2177
2178
2180
2194
2220
2303
2334
2335
2346
2362
2492
2534
2541
3064
3070
3097
3142
3157
3209
3214
3279
3293
3310
3368
3377
3461
3483
3491
3513
3515
3516
3545
3574
3585
3589
3598
3613
3619
3635
3648
3674
3679
3736
3848
3877
3886
3894
3895
4021
4028
4038
4042
4080
4113
4245
4256
4321
4345
4365
4445
4446
4458
4600
4767
4825
4838
4887
4905
4908
4929
4931
4933
4952
4953
4959
5216
5222
5712
5742
5744
6014
6249
6263
6409
6480
6501
6517
6567
6568
6579
6617
6619
6635
6641
6652
6664
6667
6682
6719
6832
6922
6923
6946
6956
6958
6977
7058
7068
7087
7099
7105
7108
7148
7159
7201
7289
7313
7348
7391
7407
7428
7437
7454
7505
7523
7546
7557
7578
7612
7641
7759
7776
7777
7814
7839
7840
7854
8133
8142
8146
8255
8331
8441
8444
8459
8460
8489
8493
8528
8641
8652
8673
8718
8772
8802
8961
8963
9062
9146
9198
9199
9203
9261
9364
9370
9782
9800
9854
9859
9864
9873
9888
9913
9960
10025
10098
10145
10148
10149
10241
10365
10478
10798
10814
10817
10819
10861
11035
11112
11201
11214
11250
11284
11287
11319
11362
11383
11392
11544
11551
11574
11577
11593
11636
11649
11682
11697
11713
11727
11737
11752
11767
11779
11875
11917
11919
12000
12020
12036
12056
12106
12115
12138
12157
12179
12189
12226
12261
12309
12324
12353
12356
12358
12376
12379
12397
12402
12403
12411
12422
12441
12453
12456
12458
12467
12473
12489
12554
12556
12602
12612
12664
12733
12737
12803
12832
12840
12850
12862
12910
12939
12958
12971
12980
13001
13011
13082
13088
13107
13111
13114
13123
13135
13152
13153
13223
13271
13300
13309
13318
13324
13346
13387
13463
13519
13574
13587
13643
13645
13666
13668
13669
13678
13696
13707
13721
13740
13786
13798
13833
13853
13859
13864
13922
13953
13964
14004
14026
14052
14064
14082
14121
14135
14138
14162
14185
14217
14240
14277
14282
14360
14369
14391
14466
14490
14499
14506
14546
14588
14630
14649
14661
14678
14691
14693
14711
14716
14719
14720
14741
14745
14777
14794
14803
14827
14843
14853
14907
14920
14925
14938
14945
14955
15038
15066
15120
15131
15150
15162
15217
15261
15275
15354
15463
15488
464
729
1179
1321
1357
1682
1735
1834
1854
1886
2046
2091
2097
2125
2149
2172
2234
2239
2255
2345
2399
2974
2983
3022
3044
3073
3137
3296
3324
3344
3390
3393
3394
3438
3475
3476
3533
3551
3557
3567
3576
3614
3615
3652
3659
3661
3666
3878
3971
4029
4039
4043
4084
4374
4390
4391
4392
4407
4408
4676
4842
4865
4869
4871
4891
4896
4918
5795
5969
6038
6504
6569
6582
6634
6643
6646
6653
6672
6711
6714
6825
6851
6937
6949
7017
7060
7071
7090
7092
7134
7140
7195
7413
7429
7434
7453
7457
7464
7483
7484
7489
7493
7508
7512
7517
7539
7545
7554
7568
7571
7573
7589
7594
7613
7635
7640
7819
7908
7925
8029
8044
8097
8123
8130
8201
8414
8422
8439
8462
8516
8643
8660
8800
8829
8871
9063
9078
9147
9170
9171
9209
9235
9361
9362
9373
9404
9689
9796
9848
9856
9883
9944
9947
9969
9979
10037
10101
10103
10126
10155
10171
10183
10213
10274
10278
10426
10730
10820
11102
11286
11304
11312
11318
11391
11444
11459
11486
11508
11550
11581
11725
11732
11753
11754
11777
11783
11822
11836
11989
12001
12177
12182
12310
12391
12407
12449
12527
12591
12673
12744
12816
12849
12944
12977
12993
13023
13026
13055
13072
13075
13083
13087
13090
13095
13100
13117
13119
13129
13138
13140
13142
13150
13155
13191
13195
13202
13210
13228
13229
13231
13232
13233
13234
13235
13238
13292
13311
13356
13376
13390
13424
13466
13586
13600
13604
13611
13614
13679
13755
13766
13789
13806
13830
13840
13862
13890
13891
13899
13908
13960
13970
13991
14022
14050
14070
14076
14084
14120
14141
14146
14156
14165
14168
14177
14178
14201
14232
14233
14239
14244
14266
14292
14298
14299
14309
14310
14313
14320
14328
14340
14341
14396
14412
14436
14465
14469
14501
14507
14528
14580
14605
14672
14721
14738
14849
14862
14864
14878
14928
14930
14949
14952
14975
15003
15055
15056
15061
15080
15087
15145
15185
15190
15211
15218
15265
15293
15305
15317
15346
15360
15385
15442
15445
15473
15539
700
1465
1642
1703
1847
2111
2157
2176
2191
2193
2195
2207
2247
2347
2410
2973
3008
3081
3088
3195
3206
3244
3472
3509
3510
3520
3537
3542
3581
3636
3645
3654
3692
3823
3927
3984
3990
4011
4234
4406
4841
4914
4932
4944
5204
5718
5842
6503
6557
6587
6615
6644
6656
6693
6703
6707
6936
6953
6960
7001
7083
7138
7142
7189
7438
7447
7450
7490
7504
7529
7543
7576
7583
7585
7586
7627
7630
7634
7639
7766
7780
7809
7902
7919
7923
8052
8079
8105
8111
8122
8137
8150
8203
8256
8304
8313
8850
8912
9075
9120
9129
9144
9193
9226
9273
9282
9283
9731
9783
9784
9867
9945
10150
10160
10289
10363
10857
10918
10972
11307
11374
11393
11402
11429
11533
11638
11652
11661
11743
11745
11746
11839
11884
11894
11921
12059
12123
12156
12209
12269
12313
12331
12398
12459
12648
12702
12851
12887
12892
12949
13017
13028
13048
13063
13064
13076
13080
13089
13106
13239
13284
13296
13377
13379
13501
13552
13570
13627
13695
13759
13821
13855
13882
13894
13906
13917
13939
13945
14006
14032
14059
14078
14119
14125
14159
14199
14206
14231
14234
14248
14265
14273
14280
14303
14327
14383
14389
14395
14404
14420
14421
14430
14432
14434
14484
14491
14496
14511
14516
14540
14612
14637
14677
14696
14701
14706
14734
14737
14746
14834
14844
14871
14977
15063
15226
15244
15254
15255
15257
15297
15371
15421
15440
339
896
1038
1478
1484
1576
1661
1673
1674
1675
1685
1690
1704
1711
1713
1716
1732
1760
1846
2005
2032
2139
2146
2158
2159
2161
2174
2198
2222
2231
2260
2475
2494
3032
3039
3141
3143
3160
3205
3243
3249
3269
3285
3289
3294
3295
3312
3313
3374
3392
3398
3400
3543
3549
3588
3623
3650
3746
3899
3900
3942
3975
3981
3989
3991
4082
4083
4346
4348
4349
4355
4388
4405
4410
4443
4450
4460
4478
4688
4690
4692
4693
4698
4703
4724
4735
4756
4773
4832
4836
4837
4839
4840
4883
4890
5247
5964
5981
6262
6265
6408
6526
6607
6614
6657
6681
6713
6717
6785
6838
6919
6931
6978
7005
7062
7084
7091
7093
7135
7141
7143
7144
7145
7153
7170
7172
7221
7389
7390
7395
7440
7449
7463
7511
7520
7540
7565
7592
7637
7756
7757
7764
7767
7768
7770
7804
7807
7817
7832
7838
7843
7847
7851
7852
7951
8037
8080
8082
8083
8093
8109
8125
8131
8136
8161
8227
8228
8443
8445
8469
8510
8540
8549
8572
8639
8644
8646
8654
8731
8841
8843
8844
8848
9016
9018
9019
9053
9056
9058
9140
9141
9142
9145
9164
9166
9168
9173
9200
9202
9204
9210
9213
9216
9237
9250
9265
9270
9284
9295
9299
9300
9327
9336
9341
9344
9346
9347
9349
9353
9354
9365
9387
9397
9398
9400
9401
9420
9426
9795
9850
9852
9853
9884
9885
9890
9894
9914
9915
9919
9952
9961
9962
9963
9965
9970
9972
9975
9977
10018
10085
10123
10128
10129
10130
10132
10133
10135
10141
10144
10152
10182
10184
10197
10235
10263
10291
10302
10372
10482
10562
10764
10804
10805
10818
10882
10908
11092
11101
11208
11242
11295
11378
11380
11384
11447
11452
11455
11549
11666
11684
11723
11726
11736
11739
11748
11749
11761
11792
11820
11861
12219
12249
12260
12272
12304
12306
12308
12319
12326
12367
12371
12372
12387
12390
12443
12445
12447
12451
12454
12461
12481
12501
12549
12608
12653
12683
12721
12725
12729
12781
12783
12789
12829
12905
12908
12915
12945
12982
12984
12990
12995
13004
13016
13019
13024
13025
13036
13037
13044
13047
13049
13077
13118
13162
13170
13199
13201
13203
13204
13208
13214
13215
13242
13247
13270
13338
13361
13363
13364
13373
13381
13383
13391
13404
13407
13469
13584
13597
13608
13612
13659
13682
13686
13787
13793
13796
13805
13824
13832
13842
13863
13880
13900
13911
13951
14011
14023
14029
14031
14033
14034
14073
14105
14109
14110
14111
14124
14147
14153
14158
14169
14173
14181
14184
14188
14192
14198
14220
14230
14247
14250
14251
14257
14258
14263
14264
14300
14311
14347
14371
14374
14379
14385
14397
14400
14403
14419
14422
14446
14455
14463
14488
14497
14513
14517
14521
14523
14526
14534
14537
14538
14549
14563
14567
14587
14603
14608
14609
14610
14614
14616
14635
14639
14652
14653
14654
14660
14665
14669
14681
14682
14698
14724
14727
14728
14729
14740
14743
14750
14751
14752
14763
14766
14772
14779
14792
14795
14810
14811
14824
14830
14857
14873
14883
14885
14897
14901
14902
14903
14908
14918
14922
14933
14934
14936
14940
14942
14944
14946
14948
14950
14951
14962
14963
14964
14969
14979
14980
14981
14985
14999
15004
15005
15006
15007
15012
15013
15015
15016
15017
15018
15019
15027
15028
15033
15034
15035
15046
15047
15049
15052
15060
15062
15069
15074
15076
15079
15088
15108
15110
15137
15141
15143
15156
15164
15167
15168
15170
15174
15176
15178
15180
15183
15192
15193
15199
15203
15220
15222
15223
15225
15232
15239
15240
15241
15242
15247
15251
15282
15300
15326
15327
15329
15331
15337
15342
15344
15345
15359
15361
15362
15363
15364
15365
15368
15369
15372
15378
15386
15387
15389
15391
15392
15399
15402
15404
15405
15406
15414
15416
15418
15419
15420
15422
15423
15424
15427
15429
15430
15431
15432
15434
15438
15439
15446
15447
15448
15449
15452
15453
15455
15457
15464
15467
15468
15471
15472
15476
15477
15478
15480
15481
15482
15483
15486
15487
15489
15490
15495
15496
15499
15501
15505
15506
15516
15536
15537
15538
15542
15544
15545
15557
15560
15561
15562
15564
15565
15571
15574
1076
1421
1438
1457
1458
1463
1464
1481
1485
1561
1574
1603
1665
1667
1670
1680
1681
1694
1699
1714
1717
1731
1734
1840
1903
1952
2047
2119
2123
2127
2129
2136
2164
2173
2188
2212
2216
2223
2230
2257
2382
2464
2471
2481
2484
2485
2489
2990
3028
3065
3105
3133
3138
3156
3158
3159
3161
3162
3174
3178
3183
3186
3210
3213
3253
3265
3280
3290
3301
3304
3314
3362
3452
3477
3497
3501
3519
3536
3540
3559
3561
3573
3587
3591
3593
3597
3603
3610
3616
3617
3630
3632
3638
3639
3641
3643
3644
3646
3656
3657
3663
3664
3667
3670
3681
3745
3749
3752
3880
3884
3915
3976
3987
4023
4024
4025
4030
4032
4033
4034
4036
4040
4046
4047
4079
4081
4085
4086
4111
4354
4356
4366
4402
4409
4463
4472
4716
4730
4830
4847
4848
4851
4853
4862
4868
4873
4897
4898
4903
4913
4920
4928
4936
4938
4939
4942
4950
4956
4958
4961
5523
5715
5724
5741
5743
5756
6509
6556
6571
6575
6581
6597
6666
6668
6720
6726
6837
6853
6915
6917
6918
6920
6930
6932
6935
6998
7006
7011
7072
7076
7079
7081
7085
7110
7137
7149
7152
7168
7175
7180
7184
7190
7204
7205
7210
7217
7274
7408
7430
7442
7443
7458
7467
7482
7485
7488
7491
7495
7499
7514
7522
7530
7537
7544
7549
7551
7555
7556
7563
7566
7570
7574
7579
7588
7598
7602
7615
7616
7617
7623
7626
7629
7750
7761
7774
7778
7781
7803
7805
7808
7826
7829
7846
7901
7903
7920
7921
8020
8033
8081
8084
8085
8086
8087
8088
8089
8092
8099
8110
8115
8116
8117
8118
8121
8126
8135
8138
8139
8143
8145
8236
8254
8272
8287
8440
8448
8461
8509
8511
8547
8558
8560
8585
8632
8633
8638
8640
8642
8645
8647
8649
8650
8655
8656
8657
8658
8659
8662
8674
8683
8765
9045
9054
9059
9060
9064
9067
9070
9074
9076
9148
9205
9211
9223
9246
9251
9274
9276
9281
9285
9296
9297
9298
9329
9330
9335
9340
9348
9350
9357
9359
9367
9392
9399
9758
9799
9807
9857
9858
9875
9882
9886
9887
9899
9900
9903
9910
9917
9918
9954
9958
9968
9973
9974
9976
9978
10099
10121
10127
10143
10151
10153
10162
10172
10173
10206
10234
10299
10459
10815
11188
11292
11595
11681
11688
11691
11693
11728
11729
11735
11740
11757
11763
11764
11770
11771
11773
11776
11784
11791
11794
11797
11835
11876
12060
12061
12134
12135
12265
12266
12286
12311
12312
12314
12315
12316
12317
12318
12325
12327
12329
12330
12368
12369
12377
12381
12382
12383
12384
12386
12389
12394
12401
12406
12412
12415
12416
12417
12421
12423
12425
12427
12428
12429
12431
12434
12435
12437
12439
12440
12491
12506
12508
12509
12626
12682
12739
12774
12810
12904
12926
12969
12970
12974
12976
12981
12983
12999
13002
13012
13015
13034
13041
13042
13045
13046
13052
13058
13061
13068
13071
13086
13096
13104
13105
13113
13116
13120
13122
13127
13130
13132
13139
13141
13144
13154
13160
13173
13200
13205
13206
13209
13211
13212
13220
13222
13226
13227
13237
13240
13241
13268
13269
13272
13277
13290
13350
13352
13359
13360
13362
13365
13368
13370
13378
13382
13386
13388
13392
13409
13465
13546
13646
13654
13680
13736
13742
13762
13763
13784
13797
13807
13847
13850
13852
13889
13896
13902
13905
13967
13972
13989
13998
14000
14005
14017
14028
14039
14042
14093
14099
14122
14123
14129
14130
14137
14140
14151
14154
14164
14166
14167
14170
14182
14187
14189
14197
14200
14203
14219
14225
14252
14256
14260
14261
14269
14271
14274
14295
14297
14323
14326
14333
14346
14348
14350
14351
14353
14354
14361
14362
14366
14376
14377
14380
14393
14399
14406
14407
14408
14413
14427
14431
14437
14440
14441
14443
14459
14460
14461
14464
14470
14474
14478
14486
14487
14489
14495
14504
14505
14514
14515
14518
14522
14529
14530
14533
14536
14542
14543
14553
14554
14564
14565
14600
14601
14613
14618
14624
14631
14638
14643
14645
14658
14659
14663
14667
14671
14673
14692
14695
14703
14710
14712
14713
14714
14731
14732
14733
14775
14783
14786
14788
14793
14814
14816
14817
14819
14821
14837
14840
14841
14848
14855
14867
14874
14876
14879
14881
14882
14887
14890
14891
14893
14894
14896
14898
14905
14910
14911
14912
14913
14914
14915
14916
14917
14919
14927
14931
14947
14954
14956
14960
14967
14973
14982
14986
14993
14996
14997
15000
15001
15021
15039
15040
15067
15068
15075
15081
15085
15098
15100
15105
15111
15116
15117
15122
15123
15125
15127
15128
15133
15134
15138
15139
15140
15144
15148
15153
15158
15159
15160
15161
15166
15169
15171
15172
15175
15181
15182
15188
15191
15195
15196
15202
15207
15214
15227
15229
15234
15236
15237
15238
15252
15256
15258
15259
15260
15262
15263
15264
15266
15267
15268
15269
15272
15274
15277
15279
15280
15281
15285
15286
15289
15292
15295
15296
15298
15299
15301
15302
15303
15306
15308
15311
15312
15315
15316
15321
15324
15325
15328
15330
15335
15340
15343
15349
15350
15355
15358
15367
15370
15374
15375
15380
15382
15390
15395
15397
15398
15403
15408
15409
15410
15412
15417
15428
15435
15436
15437
15461
15474
15475
15497
15502
15509
15510
15511
15512
15514
15515
15519
15522
15524
15532
15535
15540
15543
15546
15547
15549
15551
15556
15558
15559
15566
15567
15569
1537
1658
1715
1824
1954
2152
2201
2206
2242
2243
2488
2539
2987
3041
3103
3104
3136
3145
3163
3170
3177
3277
3297
3325
3408
3469
3524
3538
3544
3546
3555
3556
3571
3601
3604
3605
3621
3627
3640
3642
3658
3668
3676
3756
3809
3872
3879
3881
3883
3885
3983
3986
4027
4037
4041
4044
4045
4048
4315
4395
4404
4411
4444
4447
4448
4461
4462
4477
4826
4833
4850
4880
4900
4902
4923
4934
4937
4968
5714
5942
6253
6616
6627
6637
6645
6654
6658
6669
6685
6718
6782
6925
7070
7104
7171
7182
7197
7206
7218
7245
7306
7307
7309
7419
7421
7432
7435
7439
7441
7451
7496
7502
7507
7509
7510
7531
7535
7559
7562
7567
7569
7575
7581
7584
7590
7591
7595
7596
7599
7603
7610
7622
7628
7633
7638
7798
7815
7822
7828
7844
7909
7964
7968
8011
8113
8129
8134
8141
8378
8442
8457
8513
8514
8519
8637
8648
8665
8666
8667
8967
9017
9051
9061
9079
9149
9172
9174
9177
9192
9194
9207
9222
9229
9230
9239
9257
9268
9272
9275
9280
9366
9421
9797
9832
9898
9953
9967
10124
10137
10154
10185
10187
10188
10354
10883
11229
11376
11379
11382
11386
11686
11695
11747
11755
11760
11762
11772
11781
11922
12006
12238
12246
12256
12267
12320
12323
12357
12385
12388
12392
12405
12413
12432
12507
12515
12533
12757
12772
12775
12979
12998
13030
13039
13043
13051
13053
13065
13066
13067
13069
13074
13078
13079
13081
13084
13085
13094
13098
13099
13103
13108
13109
13110
13112
13121
13133
13134
13136
13143
13147
13148
13149
13165
13207
13216
13219
13256
13276
13297
13357
13372
13389
13455
13541
13650
13663
13685
13851
13887
13892
13903
13904
13907
13912
13961
13962
13963
13987
14001
14002
14003
14008
14014
14015
14020
14043
14074
14095
14126
14132
14133
14134
14136
14142
14143
14145
14148
14149
14150
14152
14155
14157
14160
14163
14174
14176
14186
14194
14259
14283
14349
14356
14359
14367
14394
14401
14411
14414
14423
14424
14433
14435
14438
14439
14442
14445
14447
14448
14451
14453
14457
14458
14462
14467
14468
14471
14472
14475
14476
14477
14479
14481
14502
14561
14595
14599
14615
14621
14622
14626
14628
14633
14634
14636
14640
14648
14651
14657
14670
14676
14705
14730
14735
14736
14739
14742
14764
14765
14784
14822
14823
14829
14832
14833
14836
14854
14856
14865
14872
14875
14880
14889
14899
14904
14906
14921
14929
14935
14939
14966
14989
14990
15020
15023
15037
15043
15058
15089
15090
15095
15097
15099
15102
15106
15113
15121
15130
15151
15154
15155
15163
15173
15177
15179
15184
15189
15194
15198
15204
15205
15208
15209
15213
15215
15224
15230
15253
15270
15271
15273
15276
15278
15284
15288
15290
15291
15304
15307
15309
15310
15313
15319
15323
15336
15339
15347
15352
15357
15377
15379
15396
15407
15415
15433
15441
15450
15451
15454
15458
15460
15465
15485
15492
15503
15513
15517
15518
15520
15521
15525
15526
15528
15529
15531
15533
15541
15553
15568
1672
1719
1867
2011
2013
2192
2232
3179
3518
3575
3599
3624
3637
3672
3751
3851
3980
3988
4375
4403
4464
4481
4843
4881
4893
4949
5524
5717
6305
6510
6663
6676
6712
6784
7075
7102
7161
7179
7193
7198
7203
7446
7479
7494
7607
7609
7760
7762
7773
7806
7820
7836
7900
8021
8120
8144
8286
8653
9022
9068
9238
9241
9271
9405
9816
9874
9911
10094
10113
10117
10138
10139
10142
10147
10189
10205
10377
11259
11390
11394
12058
12305
12321
12322
12338
12373
12604
12785
13003
13027
13054
13091
13101
13265
13355
13371
13774
13783
13901
13913
13999
14030
14090
14139
14161
14236
14270
14284
14296
14363
14368
14370
14402
14425
14426
14428
14450
14494
14519
14520
14531
14617
14619
14620
14623
14629
14650
14655
14656
14662
14674
14709
14725
14785
14798
14818
14842
14863
14868
14892
14965
14974
14994
15022
15032
15054
15072
15101
15103
15104
15119
15126
15132
15142
15147
15165
15186
15187
15201
15233
15243
15283
15287
15294
15318
15320
15348
15351
15356
15394
15400
15413
15444
15456
15459
15479
15493
15494
15498
15504
15508
15523
15527
15530
15534
15548
15563
15572
15573
644
1724
1822
2117
2118
2126
2465
3495
3977
4077
4427
4771
5616
5868
6539
6618
6630
6689
6809
7164
7260
7414
7611
7763
7785
7794
7797
7855
8090
8550
9167
9228
9247
9267
9395
9769
9815
9966
9971
10140
10215
11925
12137
12848
12888
12985
13166
13213
13261
13375
13617
13660
13785
13885
13886
13888
13893
13895
13897
13898
13992
14007
14016
14223
14275
14343
14416
14417
14449
14473
14492
14525
14544
14547
14582
14632
14641
14644
14668
14820
14957
15011
15025
15041
15083
15091
15092
15096
15107
15112
15135
15152
15245
15250
15314
15332
15333
15334
15338
15341
15353
15376
15388
15466
15470
15552
15555
15570
