905
2546
1274
913
1332
2040
2720
2538
1342
849
1341
2019
1972
1871
866
1180
4058
1982
2695
2765
1112
1372
157
505
1981
503
3893
2674
2748
2469
2708
1588
2676
240
329
1980
946
2704
2021
1927
1625
4089
6369
1418
1925
4092
2871
1493
3711
862
34
2649
9
3697
1266
828
3019
64
3254
2607
826
851
8579
2837
2319
2692
4065
2327
4090
2609
2733
1920
2034
1744
4564
2575
3248
1632
2036
3068
1255
1284
2001
114
6058
844
921
2536
3443
825
3738
2316
7326
8680
1193
4800
4678
3446
3352
8266
502
2545
269
46
833
2454
850
61
1167
1624
1874
3
332
2384
73
1182
2007
2705
750
843
294
3405
903
2779
846
847
7296
8177
55
1570
1944
112
300
1988
3412
6106
6174
1740
3913
1828
6287
247
498
1964
3107
31
2639
6909
4071
551
2561
3067
38
1275
1873
310
6858
1364
4206
4294
4156
1337
1424
2313
3339
2657
6125
4804
3079
8225
36
355
1750
358
1278
1368
2671
4664
2898
292
10410
3734
2600
2682
2830
4680
9880
1236
2681
268
734
1267
3444
4268
1749
2035
2842
3969
832
4118
857
2713
4811
3430
451
2591
3839
4619
949
74
1340
181
1752
2438
6149
2763
381
2462
2819
878
6192
1345
2564
1204
5296
2265
1265
118
1287
117
3024
4168
1419
2844
3873
5123
234
2821
842
1170
4557
120
4326
5889
1164
3716
4088
354
1235
4235
87
124
868
2834
3224
4568
2736
6875
4684
252
1611
278
321
864
2909
2551
7691
1942
8405
2500
2731
3130
1371
3835
1384
595
2789
4108
2642
2739
4657
6595
7695
2650
2287
4677
486
512
2962
2652
7316
159
1335
2620
7337
8966
10
4325
2784
1923
142
666
1261
4098
4522
5034
8776
9259
155
6104
8325
3220
6158
8691
2363
2392
2581
2775
8173
2301
8712
2694
2934
1293
2851
3074
6338
4666
1626
1827
2858
3758
3787
6081
6145
7324
305
852
1202
3225
3422
647
1298
2273
2584
2850
2964
3129
5014
6072
2360
4513
6185
460
2797
3237
5706
6063
629
1212
1569
1970
2446
361
619
2752
145
1429
4601
224
829
1250
4149
509
728
859
911
70
510
2954
7686
2054
3341
2774
6160
1810
2716
2280
4620
7681
3357
4613
602
2428
6085
1201
2729
4598
79
3118
7723
7740
395
1213
413
1351
2697
2890
3840
8358
928
2615
30
526
2033
894
2672
7997
1189
1097
1811
4801
130
417
1317
6378
1192
2447
4422
6077
6215
8191
1188
1627
1634
8432
16
1875
2037
2798
4060
6478
1338
1547
1950
2292
2463
4140
430
1503
2329
3909
5180
10228
587
603
1221
2288
2735
5178
6079
8168
383
2801
3686
3831
4558
4596
8406
951
1579
6280
8
8299
3338
6009
8193
2643
2894
3093
5384
6217
7030
1768
2311
8901
10223
48
1161
3122
482
2726
3401
5307
1807
105
707
810
1496
2782
9038
1301
1370
2573
2665
5144
5177
7303
2803
2833
3238
100
534
6182
127
249
2375
4498
6065
8437
4803
6281
7247
10754
445
1883
3268
3384
3413
6154
6410
2042
4982
302
853
2414
2757
8987
690
3957
8478
439
1219
2589
3726
5229
6585
10851
1865
1946
3165
5852
6565
8388
1567
3760
8518
205
3089
4135
4195
6328
8182
800
2693
3488
4776
5339
1283
2266
2647
3416
4519
1546
2747
3717
6059
6309
7663
733
758
1245
2285
6952
7716
0
2291
184
4193
4631
2838
5988
6052
6236
6371
8373
740
1172
1363
3077
3092
6092
8769
1631
2602
4670
6179
7120
1196
1922
2663
6046
683
1028
1878
6070
8355
10438
755
1919
2918
4106
4274
4650
5010
6278
7026
2359
2877
3331
3768
4199
4285
6232
7230
924
1246
1780
3407
3814
6078
3404
3866
5138
9007
42
682
841
1305
1876
2773
11134
1636
2330
3252
3424
3907
4504
8892
9988
107
377
1271
1621
2744
5066
7229
248
1117
1850
6470
6901
7
380
471
2554
2813
3017
3761
129
1347
1590
2433
6405
7387
2567
4705
312
8837
225
2337
2666
3436
8684
2670
2942
3234
4072
10284
1914
2914
4249
4535
6491
8211
9486
352
478
1606
1727
1839
4760
228
640
656
867
6754
6907
7024
7329
552
3816
5135
7253
7876
8583
10407
10965
1197
2550
3735
4435
7765
9326
89
371
442
494
4246
5105
6791
1114
1272
1366
2264
2625
3965
5111
6877
7357
8604
1550
2004
4166
4196
4561
4643
8209
544
626
1763
2439
3336
4749
5134
8028
180
2710
3838
4672
7649
8940
2526
2790
4201
4307
5265
5278
6150
8943
27
2778
3340
8336
8352
304
341
511
537
684
1230
1510
1960
3727
3930
5074
6903
6
385
2038
4328
6332
8062
8217
144
1951
2020
5989
6494
207
2565
2740
2910
3053
6342
6902
7955
1733
2074
2645
2734
6596
7345
10174
10415
525
1051
2576
2709
4073
4131
5164
6090
8458
10670
3763
4432
4602
5489
6500
8184
8318
8340
10224
613
669
822
902
1067
1389
2879
3228
3766
4764
5205
5704
6874
932
2562
3929
5077
10886
555
3857
4765
7961
8704
10163
1228
2320
4231
10457
11108
514
1195
5258
5303
6857
6900
60
1348
2623
2664
3966
4095
4217
4604
6218
8196
293
541
580
836
922
1174
1544
1770
1821
2582
3403
4413
5726
6045
6407
8852
135
479
515
765
1795
2745
6604
7012
7685
553
597
1276
2937
4590
4778
5295
5999
6887
433
692
1545
2560
2669
3425
6899
8473
422
501
1620
2706
4320
6003
6550
7679
7689
10157
11120
150
2925
4214
4430
5018
5221
7064
8167
9003
9289
637
732
1417
1926
3935
4160
4252
6552
7376
10632
739
863
3759
6130
8014
8713
10330
379
2381
2549
2766
2912
4708
4729
7342
8404
10653
4134
4639
5151
7887
8166
9477
1756
2636
2939
3433
4056
5003
5419
6327
6631
7657
10531
11148
365
840
2570
2960
3776
5120
5188
7684
7690
345
966
1264
1881
3710
3904
4493
6434
7370
8030
158
258
876
1294
2804
2899
4220
5020
5985
9922
11669
770
1554
2595
2827
2893
3091
3719
3869
5078
6314
6763
6862
366
2086
2590
2608
2780
3762
4133
4606
2333
2577
3010
3120
5244
6271
7893
764
1286
1602
2690
2887
3432
4996
7292
8944
9765
170
452
2270
2417
2958
3354
3798
4331
4545
5136
5266
9042
200
766
2435
2885
4612
5129
5241
1739
2372
2746
2863
2919
4529
4644
5121
5682
6430
7330
8408
9652
10756
257
1262
2679
8734
97
102
834
1328
4200
4436
4441
4810
6456
7010
8879
50
405
890
1765
2186
4533
6393
7977
945
1248
1892
2268
2701
2770
3227
4097
6057
9984
578
583
838
1369
2715
3372
5088
6395
6912
7295
7648
8958
8969
109
474
1973
2722
2727
2758
2823
3391
3722
7650
8249
8322
9002
9180
9422
9507
9767
429
947
1774
1904
2826
3046
3316
4415
6163
7664
8363
193
346
1226
2419
2448
2515
2786
5499
7237
8360
8768
8935
9391
10634
77
80
693
1115
1367
1998
2785
2831
3830
4016
5028
5056
5415
7704
8740
9014
163
282
1543
2306
2443
2756
3332
3712
3765
5022
5112
6242
7965
8573
8873
8984
19
540
628
1203
1452
2878
3021
3084
5360
6276
7702
9104
10865
98
1997
2659
2856
3126
4569
5030
5330
6368
7744
7957
10405
533
589
598
741
2853
2866
3013
3098
4687
5495
7320
7894
8154
8942
9560
10436
11325
176
1949
2342
2749
2932
3208
3781
3924
4381
4616
6087
8351
8831
12566
106
115
133
473
565
912
1249
2633
3698
4260
5004
5460
6970
7356
7742
8049
11432
149
421
746
2322
2628
3226
5927
6055
8147
8599
8716
8822
9332
10799
584
737
889
1585
1789
1987
2621
3164
3772
3785
4182
4286
4656
4663
5283
6360
6452
6888
7265
7674
7699
8194
8492
10406
370
408
431
523
915
1098
1615
1812
2436
2501
2572
2651
3078
3695
4091
5757
6213
6812
7371
7399
7989
8076
10339
177
197
265
1165
1336
1764
1885
2586
2654
3045
3429
3939
4322
4611
5318
5550
5806
6377
6462
6878
7474
517
1064
2537
2767
2970
3223
3699
4335
4433
6139
6284
7115
7127
649
1121
1571
1601
1911
2171
2696
2943
4318
5098
5131
5172
5461
5482
5545
6176
8311
8827
10342
327
670
1753
2662
2817
4157
5587
6651
7384
7405
7917
7972
8839
9266
9834
10545
11302
35
621
892
1258
1941
2755
2852
3347
3690
3693
3937
4316
4334
4595
5175
5406
6073
6640
6861
7646
7857
8607
220
586
812
1052
1166
1199
2640
3728
4305
4353
4379
5256
6553
7359
7472
8421
9703
11554
274
899
2712
2805
4496
4780
4816
5013
6623
8840
10179
11489
44
548
549
704
887
1190
1978
2380
2553
3754
4148
4528
5261
5311
6344
7700
8070
10240
10464
11558
320
423
484
768
1011
1210
1495
2967
3230
3688
4070
4259
4306
4682
5132
5372
6233
7255
8507
8962
9412
9416
9460
9845
10725
11003
907
1217
1346
1786
1837
1928
2800
3221
4258
5060
8042
10451
11236
500
513
667
2275
2849
4732
5284
6137
6373
6731
6969
7869
9700
444
929
1106
1289
1741
1796
1831
1916
1938
2950
3260
4261
4679
5324
6112
6876
6898
6996
7747
8377
8411
8872
465
877
925
1648
1937
2818
3239
3908
4165
4287
4524
6066
7317
8876
8937
9501
10229
10989
121
378
673
719
1333
1560
1769
1788
2340
2412
3802
4511
5749
5851
8424
8861
8946
8965
9028
9100
9445
9565
10038
154
263
672
873
1072
2376
2521
3203
4336
4506
4669
5200
6094
6126
7707
8240
8823
8857
8934
10698
18
185
462
569
696
1580
1965
2009
2442
2884
4560
4775
5032
5250
5255
5304
5584
6806
6985
7025
7293
8710
10780
372
848
1019
1163
1751
1924
2331
3490
3764
4284
5159
5589
5647
6224
6324
6413
6849
7213
7339
7643
8877
10314
10595
10727
250
492
504
988
1918
2459
2530
2548
3100
3257
4361
4414
4537
4793
5169
5383
6792
7238
7257
9455
9580
9997
11333
11531
285
362
374
476
557
570
1281
1491
2160
2199
2405
2587
4288
4540
4783
5019
6795
6820
6860
6863
7354
7644
8061
8687
8736
8953
9037
11064
333
706
900
996
1300
1933
2377
2585
2917
2957
3229
3330
3402
4055
4057
4132
6349
7360
10310
10384
10898
12
387
559
576
875
914
1158
1805
1992
2332
2343
2594
2698
3027
3421
3954
4087
6061
6471
8012
8908
9487
10589
319
743
2416
2528
3373
3829
4311
4323
5427
6089
6140
7669
8064
8066
8820
8945
9406
10543
10620
10702
10835
11248
11454
96
454
490
536
545
927
940
2023
2457
2603
2617
3740
4332
4362
4570
5210
5257
5366
5490
5491
6051
6103
6111
6894
6972
7667
7670
7867
8072
9559
10502
10581
414
428
687
1144
1776
1995
2730
3359
3382
3449
5553
6204
7301
7688
7868
8429
8989
10461
10596
11008
11712
13528
143
799
898
1280
1614
2070
2282
3233
3744
4117
4202
5275
5623
6779
7683
8264
8679
8732
8941
9522
9736
10039
10067
10226
10614
470
939
956
980
2836
3911
4017
4552
4659
4791
5636
6076
6747
7705
7918
8346
8983
9584
33
108
190
283
496
542
916
965
1254
1647
2810
2989
3128
3385
3794
4247
4563
4565
4748
5487
5585
7258
7896
8979
9606
10019
11705
13510
85
296
328
645
736
821
1118
1908
2404
2571
2578
3356
3725
4559
4647
4785
5422
5457
5539
6488
6759
8333
8711
8834
10479
521
981
1454
1968
2637
2904
3691
3788
3945
4099
5185
6093
6138
6521
8412
8741
8832
9983
10360
10636
11179
12262
168
331
665
1473
1486
2634
2678
2874
3410
4399
5368
6245
6273
6315
7113
7304
8055
8289
9011
10212
11330
11805
11947
92
273
317
532
1231
2605
3076
3124
4290
5125
5197
5212
6050
6343
6404
8703
8838
9015
9475
10057
10256
10601
10954
11450
110
272
324
550
638
1303
1556
1646
1784
1864
2408
2466
2557
2822
2951
4646
5700
5912
6178
6427
8915
93
95
373
457
487
695
918
1066
1083
1616
1818
1882
2324
2431
2569
3789
4139
4174
4431
4754
6497
6755
6872
7668
7890
8056
8375
8693
8990
9484
9986
10465
10773
10871
88
169
182
188
944
1306
1939
1999
2427
2689
3358
4704
4762
5058
5168
5493
6169
6274
7240
7748
8222
8700
9012
9243
10230
13649
633
860
1793
2269
2703
2753
2802
3363
3684
4213
4243
5100
5116
6243
6484
7927
7966
8010
8671
9461
10541
11320
148
256
664
1247
1856
2106
2355
2700
2806
2994
3247
3817
4187
4364
4539
5486
5588
6402
6466
6973
7708
8018
8959
8973
9031
9321
9808
10588
10970
21
160
186
426
983
1111
1251
2017
2455
2714
2788
2792
3127
3199
4453
5097
6039
6211
6225
6351
6588
7327
7335
7347
8790
9457
9844
10442
10583
10916
11032
11293
871
883
1209
1445
1825
2043
2509
2614
2776
2811
2815
3185
3753
4179
4239
4457
5226
5771
6108
6496
6868
6908
8038
8427
8754
8783
8903
10643
10654
10711
10803
11896
363
1256
1279
2593
2629
2787
2880
2921
3080
3119
3190
3923
4018
4059
4226
4517
5016
5220
5454
6492
7311
9116
9306
9561
9592
9955
10404
10603
11051
11428
41
271
364
923
967
1061
1269
1597
1932
2298
2354
2374
2467
2468
2759
2764
2835
2940
3175
4014
4074
4216
4219
4272
4660
4781
5153
6095
6219
6469
6913
7333
7725
8054
8181
8244
10012
10033
10207
10317
10573
10578
10590
10862
11033
11335
210
869
1002
1387
1555
1605
1754
2014
2271
2566
4114
4985
4995
5171
5187
5598
6590
7286
7655
7881
9523
9538
10421
10642
10692
10810
12577
13286
13486
639
774
1551
2277
2312
2673
2867
2953
3770
4062
4789
5064
5115
5270
5299
5800
6423
6770
6798
6968
6971
8391
8410
8888
8932
9013
9503
10028
10218
11067
11629
12008
12116
12703
315
618
749
920
1047
1142
1191
1198
2402
2901
2916
3191
3231
4338
4378
4412
4702
5005
5011
5373
5408
5417
5447
5688
6122
6376
6463
6515
6564
7003
7675
7692
7722
8176
8230
8376
8580
9520
9645
9650
10825
10831
10929
113
139
455
508
650
654
688
751
1060
1339
1583
1755
2281
2290
2400
2618
2741
2948
3786
4010
4127
4153
5006
5049
5252
6117
6364
6586
8584
8982
9764
10041
10180
10628
10741
11673
24
134
483
489
634
723
975
999
1360
1589
1906
2379
2847
2862
3235
3774
3777
3791
4094
4141
4377
4707
5281
5337
5367
5401
5829
6722
7952
8291
8396
8464
8617
8927
8949
9008
9101
9319
9563
10238
11044
12220
56
611
1379
1610
1826
1898
2683
2812
2859
2979
3232
3321
3484
4009
4103
5017
5104
5147
5850
6279
6808
7020
7228
7298
7715
8065
8180
9001
9315
9325
9529
9766
10042
10544
10684
10889
11042
11165
11339
11347
12071
71
254
279
516
1093
1184
2325
2680
3148
3629
3813
4128
4501
4503
4792
4817
5269
5325
5332
5648
6142
6168
6467
6589
6886
7114
7397
7676
8027
8221
8334
9483
9598
9617
10169
10176
10242
10631
14
773
904
926
973
1431
1511
1843
1852
2397
2552
2638
2881
3832
4063
4197
4491
4541
4592
4972
5240
5455
5540
5761
6124
6220
6445
6474
6757
7035
8040
8285
8293
9469
9546
9608
9718
10044
10424
10542
10705
11087
11252
11642
11860
12251
86
103
441
593
754
1090
1145
1302
1386
1880
2583
3890
3960
4161
4162
4221
4516
4727
5262
5286
5483
6118
6153
6318
6330
6399
6481
6543
7264
7332
7936
7940
8308
8686
8757
8781
8833
8884
9163
9443
9653
10048
10061
10381
10441
10755
11005
251
499
632
1376
1494
1653
2809
2870
4184
4238
4686
4799
4808
4988
5043
5063
5725
5784
6114
6632
6768
7380
7789
8344
8806
9448
9456
9552
10001
10268
11423
194
291
588
591
735
818
1048
2286
2434
2558
2872
3218
3447
3780
3876
4012
4119
4120
4723
5267
5500
5835
6007
6115
7252
7266
7369
7473
8229
8409
8698
8974
8992
9831
9992
11255
12687
132
153
209
232
386
410
792
1489
1553
1806
2483
2547
2783
2876
2969
3833
4271
4556
4974
5259
5606
5918
6451
6775
7945
8016
8290
8574
8592
8971
9121
9627
9738
10031
10499
10560
10630
10685
802
936
1244
1349
1451
1453
1737
1853
1989
1991
2366
2737
2908
2915
2986
3007
3258
3369
3448
3731
3827
3931
4312
4454
4508
4668
5108
5496
5627
6385
7271
7315
7323
7373
8614
8750
9878
9941
10501
10694
10997
11821
313
342
403
438
657
837
884
952
1772
2445
2458
2688
2968
3355
3708
3836
4138
4777
4999
5333
5476
5660
5776
5856
6290
6421
6796
7046
7875
8153
8326
8347
8470
8535
8557
8929
9459
9570
9672
10029
10279
10324
10349
10417
10467
10554
10587
11083
11309
11412
11446
11480
28
151
226
531
742
1070
1224
1257
1318
1512
1582
1609
2592
2820
3703
3769
3962
4159
4296
4788
4824
5009
5239
5327
5335
5362
5618
5805
6433
6461
6473
7232
7910
8155
8594
8779
8882
8896
9029
9596
9863
10510
10594
10672
11049
11213
11350
11476
12561
116
375
543
616
641
715
910
1416
2905
2971
3116
3217
3905
3934
4527
5139
5376
5562
5607
5804
5878
5890
7021
7884
7935
8007
8241
8258
8483
8562
8774
8786
8807
9234
9643
10118
10607
10615
10906
11210
11331
12118
573
661
748
788
1109
1319
1785
1813
1945
2278
2309
2348
3189
3707
3750
3773
3868
4115
4154
4222
4425
4779
5338
5423
5456
5577
6288
6831
6889
7016
7888
8349
8365
8737
9451
10261
10267
10296
10423
10641
11154
12354
12893
128
289
652
1136
1147
1277
1773
1787
2424
2444
3451
4299
4761
5232
5674
6131
6152
6334
6591
7039
8383
8964
9631
9928
9929
10015
10316
10593
10888
10999
11145
11230
12565
12579
29
217
229
303
323
367
581
594
702
1168
1296
1728
2276
2361
2641
2883
3031
3101
3936
3964
4129
4293
4418
4587
5095
5119
5213
6196
6486
6563
7344
8192
8708
8811
8864
9109
9305
9309
9478
9540
9659
9763
9990
10092
10337
10498
10520
10680
10700
10791
10852
10933
10942
10968
10990
11105
11300
12077
12934
1039
1050
1120
1143
1529
1557
1563
1623
1758
1909
2365
2926
2956
3417
3478
3742
3941
4204
4627
4641
5191
5433
5828
6302
6323
6339
6403
6440
7647
7905
8019
8324
8380
8382
8875
8881
9311
10237
10448
10897
11220
11915
12151
12522
253
636
779
